Date,BNP.PA,IPS.PA,TTE.PA,STMPA.PA
2022-05-16,42.6850700378418,40.90004348754883,44.782623291015625,36.47494888305664
2022-05-17,43.65610885620117,41.868370056152344,45.319576263427734,37.456905364990234
2022-05-18,43.525550842285156,40.669490814208984,45.189666748046875,36.686065673828125
2022-05-19,43.40314865112305,40.392826080322266,44.62673568725586,36.67134094238281
2022-05-20,43.82746887207031,41.17670822143555,44.782623291015625,36.13125228881836
2022-05-23,45.649234771728516,41.361148834228516,46.15095901489258,36.180355072021484
2022-05-24,45.26386260986328,40.43893814086914,45.42349624633789,34.93817901611328
2022-05-25,45.43027114868164,41.03837585449219,46.72254943847656,35.13947296142578
2022-05-26,46.157230377197266,41.68392562866211,47.73579788208008,35.72865676879883
2022-05-27,46.90169906616211,42.375579833984375,47.5279655456543,36.602596282958984
2022-05-30,47.55858612060547,43.205570220947266,47.78776931762695,37.162315368652344
2022-05-31,46.516326904296875,41.68392562866211,48.142845153808594,36.558406829833984
2022-06-01,46.27984619140625,42.28335952758789,46.86976623535156,36.38166046142578
2022-06-02,46.157230377197266,42.652244567871094,46.91306686401367,37.03956985473633
2022-06-03,46.034610748291016,42.6983528137207,47.18153762817383,36.229454040527344
2022-06-06,46.665218353271484,42.79057693481445,48.05624008178711,36.36201858520508
2022-06-07,45.93826675415039,42.6983528137207,48.24676513671875,36.10671615600586
2022-06-08,45.61420440673828,42.88279724121094,48.94825744628906,36.3472900390625
2022-06-09,44.834693908691406,42.560028076171875,48.24676513671875,35.330963134765625
2022-06-10,42.566246032714844,42.560028076171875,47.1988639831543,33.882564544677734
2022-06-13,40.875858306884766,40.71560287475586,46.20292663574219,31.943187713623047
2022-06-14,41.45829772949219,41.315040588378906,46.83513259887695,31.913734436035156
2022-06-15,42.29035568237305,42.05280685424805,46.35880661010742,33.10190963745117
2022-06-16,41.620330810546875,39.37839889526367,45.007789611816406,31.054519653320312
2022-06-17,41.813018798828125,40.02394485473633,42.73012161254883,31.133079528808594
2022-06-20,42.3429069519043,41.868370056152344,43.518218994140625,30.99534034729004
2022-06-21,43.227516174316406,42.329471588134766,44.31679916381836,31.79715347290039
2022-06-22,42.951622009277344,41.453369140625,43.03994369506836,31.152755737304688
2022-06-23,40.937171936035156,40.623382568359375,42.20626449584961,30.6165714263916
2022-06-24,41.98381042480469,41.499481201171875,43.48749923706055,31.275732040405273
2022-06-27,41.86994934082031,42.05280685424805,43.878013610839844,31.3298397064209
2022-06-28,41.9619140625,42.79057693481445,44.448429107666016,30.9166316986084
2022-06-29,41.23495864868164,42.05280685424805,44.72047424316406,30.282072067260742
2022-06-30,39.732879638671875,41.77614212036133,44.20271682739258,29.514686584472656
2022-07-01,39.68470764160156,41.30303192138672,44.00965118408203,28.62924575805664
2022-07-04,39.65843200683594,42.01270294189453,46.01048278808594,28.102903366088867
2022-07-05,38.45413589477539,41.49227523803711,43.0574951171875,27.51260757446289
2022-07-06,38.04248809814453,42.10732650756836,41.80697250366211,28.86044692993164
2022-07-07,39.01906204223633,42.3438835144043,43.32954406738281,29.68193817138672
2022-07-08,39.81608200073242,42.911624908447266,43.23740005493164,30.331260681152344
2022-07-11,38.515445709228516,42.3438835144043,42.93024826049805,30.2525577545166
2022-07-12,38.37531280517578,42.438507080078125,42.35545349121094,30.587051391601562
2022-07-13,37.42501449584961,42.01270294189453,42.425655364990234,30.6165714263916
2022-07-14,36.00176239013672,42.01270294189453,40.446754455566406,30.78873634338379
2022-07-15,36.41341018676758,42.249267578125,41.7148323059082,31.772560119628906
2022-07-18,37.179779052734375,42.769691467285156,42.68893051147461,32.111976623535156
2022-07-19,38.44976043701172,43.66861343383789,43.08821487426758,32.49566650390625
2022-07-20,38.99716567993164,44.09441375732422,43.175968170166016,33.1843376159668
2022-07-21,39.00154495239258,45.89225769042969,42.021976470947266,33.51392364501953
2022-07-22,38.37531280517578,44.851402282714844,42.596778869628906,33.38111114501953
2022-07-25,39.172332763671875,45.79763412475586,43.08821487426758,33.59263229370117
2022-07-26,38.813236236572266,45.79763412475586,43.175968170166016,33.30240249633789
2022-07-27,38.85702896118164,46.55461883544922,43.65423583984375,34.42888259887695
2022-07-28,39.15044021606445,46.69655227661133,42.201873779296875,35.68817138671875
2022-07-29,40.28904342651367,47.31160354614258,43.66740417480469,36.33258056640625
2022-08-01,40.16642379760742,47.216983795166016,42.956581115722656,36.6572380065918
2022-08-02,40.639381408691406,47.07504653930664,42.33351135253906,36.981910705566406
2022-08-03,41.392608642578125,47.78472137451172,42.68893051147461,37.813236236572266
2022-08-04,42.32977294921875,47.87934112548828,42.68453598022461,38.02476119995117
2022-08-05,42.77645492553711,47.16967010498047,42.90391540527344,36.991737365722656
2022-08-08,42.4830436706543,47.5008544921875,43.720054626464844,36.794979095458984
2022-08-09,42.4830436706543,47.26428985595703,44.623939514160156,34.871604919433594
2022-08-10,43.122413635253906,47.87934112548828,44.351898193359375,36.02267837524414
2022-08-11,43.40268325805664,48.16321563720703,45.633140563964844,36.40636444091797
2022-08-12,44.16905212402344,47.78472137451172,45.57170867919922,36.52442932128906
2022-08-15,43.86250686645508,47.87934112548828,44.50109100341797,36.83432388305664
2022-08-16,43.90629577636719,48.06858825683594,45.19435501098633,36.96222686767578
2022-08-17,43.33261489868164,47.69009780883789,45.229454040527344,35.35859680175781
2022-08-18,42.94286346435547,47.5008544921875,46.335182189941406,36.49982833862305
2022-08-19,41.742950439453125,46.64924240112305,46.23865509033203,36.02759552001953
2022-08-22,40.709449768066406,45.84494400024414,46.54579544067383,34.99457931518555
2022-08-23,40.836448669433594,45.703006744384766,48.055206298828125,35.15691375732422
2022-08-24,40.867103576660156,45.79763412475586,47.07233810424805,35.32908248901367
2022-08-25,40.8452033996582,45.65570068359375,47.423362731933594,35.92921447753906
2022-08-26,40.15766143798828,44.66215515136719,47.353153228759766,34.98965835571289
2022-08-29,40.07883834838867,43.526676177978516,47.739280700683594,34.52727127075195
2022-08-30,40.63062286376953,43.38473892211914,46.01048278808594,34.709266662597656
2022-08-31,40.713829040527344,42.911624908447266,44.48353576660156,34.182926177978516
2022-09-01,40.27152633666992,42.5804443359375,44.06230163574219,33.686100006103516
2022-09-02,41.585296630859375,43.00625228881836,45.24701690673828,35.01918029785156
2022-09-05,40.691932678222656,43.100868225097656,46.668663024902344,34.16816711425781
2022-09-06,40.779518127441406,43.2428092956543,45.378639221191406,34.35509490966797
2022-09-07,40.74010467529297,43.57398986816406,43.698116302490234,35.092960357666016
2022-09-08,41.550262451171875,44.141727447509766,43.175968170166016,35.560279846191406
2022-09-09,42.636314392089844,44.8040885925293,43.733219146728516,36.34241485595703
2022-09-12,44.28291320800781,44.8040885925293,44.40454864501953,36.31290817260742
2022-09-13,44.04643630981445,44.283660888671875,43.895572662353516,35.10771942138672
2022-09-14,44.01139831542969,43.1481819152832,44.98373794555664,35.284812927246094
2022-09-15,44.10774230957031,43.71592330932617,43.90434265136719,35.1815071105957
2022-09-16,43.20124053955078,42.86431121826172,43.68056869506836,34.74370193481445
2022-09-19,43.227516174316406,43.053558349609375,43.263729095458984,35.275875091552734
2022-09-20,42.426109313964844,42.67506408691406,42.886375427246094,35.18718338012695
2022-09-21,42.01008224487305,42.911624908447266,43.54951858520508,36.320499420166016
2022-09-22,42.23342514038086,42.5804443359375,43.540618896484375,34.15732955932617
2022-09-23,41.08168411254883,42.67506408691406,41.39986038208008,33.28023910522461
2022-09-26,40.47296905517578,42.438507080078125,41.858272552490234,33.6054573059082
2022-09-27,39.50953674316406,42.62775421142578,42.58818054199219,34.02922058105469
2022-09-28,37.968040466308594,42.911624908447266,41.97843933105469,33.13241958618164
2022-09-29,37.25422668457031,42.53313064575195,42.10750961303711,31.32895851135254
2022-09-30,38.191383361816406,43.43205261230469,42.970943450927734,31.777353286743164
2022-10-03,38.43224334716797,43.71592330932617,44.29277801513672,32.25039291381836
2022-10-04,39.829219818115234,44.756778717041016,45.67247772216797,33.975013732910156
2022-10-05,38.63806915283203,44.04710388183594,46.17094421386719,34.477622985839844
2022-10-06,38.21765899658203,44.614845275878906,45.63686752319336,35.03443145751953
2022-10-07,38.20014572143555,44.614845275878906,46.820735931396484,33.17676544189453
2022-10-10,38.349037170410156,44.236351013183594,45.84159851074219,32.516475677490234
2022-10-11,37.45566940307617,44.56753158569336,44.8980598449707,31.516199111938477
2022-10-12,37.08781433105469,44.283660888671875,44.288326263427734,31.32402992248535
2022-10-13,38.04686737060547,44.66215515136719,45.663570404052734,32.04344177246094
2022-10-14,38.58989715576172,45.22989273071289,46.464691162109375,31.53590965270996
2022-10-17,39.74601745605469,45.89225769042969,47.167884826660156,32.1124267578125
2022-10-18,40.43793487548828,46.885799407958984,46.39347839355469,32.3292350769043
2022-10-19,40.214595794677734,47.027732849121094,46.82963943481445,32.3292350769043
2022-10-20,40.63500213623047,46.50730895996094,47.14118957519531,33.10285186767578
2022-10-21,40.621864318847656,46.55461883544922,47.15008544921875,32.831844329833984
2022-10-24,41.134239196777344,47.07504653930664,47.62185287475586,33.56110382080078
2022-10-25,41.45829772949219,48.06858825683594,47.399322509765625,34.669795989990234
2022-10-26,41.366336822509766,47.5008544921875,47.1055793762207,34.43327331542969
2022-10-27,41.51523208618164,46.45999526977539,48.494178771972656,32.03359603881836
2022-10-28,41.41450500488281,45.79763412475586,48.592098236083984,31.32402992248535
2022-10-31,41.59843444824219,46.36537170410156,49.046058654785156,31.141714096069336
2022-11-01,41.900604248046875,45.93956756591797,50.292236328125,31.353595733642578
2022-11-02,41.935638427734375,45.22989273071289,50.051902770996094,30.93476104736328
2022-11-03,43.253787994384766,44.99333572387695,50.63048553466797,30.461721420288086
2022-11-04,44.34422302246094,45.27720260620117,51.41379928588867,31.442289352416992
2022-11-07,44.39677047729492,46.081504821777344,51.76984786987305,31.634464263916016
2022-11-08,44.39677047729492,47.5008544921875,50.86192321777344,33.02401351928711
2022-11-09,44.02015686035156,47.5008544921875,50.47916793823242,32.69879913330078
2022-11-10,44.536903381347656,47.69009780883789,50.31004333496094,35.25123596191406
2022-11-11,45.33393096923828,48.636329650878906,50.764007568359375,35.359642028808594
2022-11-14,45.701786041259766,49.58256530761719,50.66609573364258,36.43876266479492
2022-11-15,45.95578384399414,50.15030288696289,51.431602478027344,37.084266662597656
2022-11-16,45.62295913696289,49.01482391357422,51.841060638427734,36.148033142089844
2022-11-17,45.990814208984375,49.487937927246094,51.120052337646484,36.17267990112305
2022-11-18,46.691497802734375,49.58256530761719,51.09335708618164,36.45846939086914
2022-11-21,46.087158203125,50.81266403198242,49.51782989501953,36.40919494628906
2022-11-22,45.929508209228516,49.58256530761719,51.68973922729492,36.433834075927734
2022-11-23,46.1922607421875,49.96105194091797,51.28028106689453,36.83295822143555
2022-11-24,46.62142562866211,50.623416900634766,51.46720886230469,36.87730407714844
2022-11-25,46.709014892578125,51.47502517700195,52.01908874511719,36.65064239501953
2022-11-28,46.24481201171875,51.00191116333008,51.39599609375,35.82282638549805
2022-11-29,46.91921615600586,50.71803665161133,52.464149475097656,35.23152542114258
2022-11-30,46.796600341796875,51.66427230834961,53.683624267578125,35.5321044921875
2022-12-01,46.09592056274414,52.23201370239258,52.757896423339844,36.35006332397461
2022-12-02,46.201019287109375,52.23201370239258,52.419647216796875,36.162818908691406
2022-12-05,45.824405670166016,51.380401611328125,52.30392837524414,36.10861587524414
2022-12-06,45.947025299072266,51.66427230834961,52.26770782470703,35.70949172973633
2022-12-07,45.54413604736328,51.56964874267578,51.19917297363281,35.14282989501953
2022-12-08,45.54413604736328,51.75889587402344,51.443668365478516,35.89673614501953
2022-12-09,46.323638916015625,51.853515625,50.9727897644043,36.35992431640625
2022-12-12,46.139713287353516,51.47502517700195,51.27161407470703,36.029239654541016
2022-12-13,46.971771240234375,52.799747467041016,52.42164611816406,37.263118743896484
2022-12-14,46.86666488647461,53.272865295410156,52.050376892089844,36.74489212036133
2022-12-15,45.255104064941406,53.178245544433594,51.09955978393555,34.95330810546875
2022-12-16,46.017093658447266,53.367488861083984,50.40229797363281,34.48936462402344
2022-12-19,45.71930694580078,53.65135955810547,51.29877471923828,34.20310592651367
2022-12-20,46.367431640625,53.367488861083984,51.88737869262695,34.104393005371094
2022-12-21,47.31334686279297,54.502967834472656,53.41773986816406,34.66703414916992
2022-12-22,47.12942123413086,54.40834426879883,53.42679977416992,33.46277618408203
2022-12-23,47.120662689208984,54.313724517822266,53.61695861816406,33.17157745361328
2022-12-27,47.29582977294922,54.502967834472656,53.99728775024414,32.816219329833984
2022-12-28,46.910457611083984,55.070709228515625,53.761844635009766,32.38683319091797
2022-12-29,47.21700668334961,55.35457992553711,53.77090072631836,33.07780838012695
2022-12-30,46.63894271850586,55.35457992553711,53.10986328125,32.5694465637207
2023-01-02,48.11037063598633,55.827693939208984,54.99747085571289,32.98403549194336
2023-01-03,49.0562858581543,55.92231750488281,54.04450607299805,33.09754943847656
2023-01-04,51.07073974609375,56.39543151855469,52.77998352050781,33.93164825439453
2023-01-05,51.33349609375,56.67930603027344,53.091529846191406,34.119197845458984
2023-01-06,51.771419525146484,56.490055084228516,53.76961135864258,34.987850189208984
2023-01-09,51.69259262084961,54.97608184814453,53.439735412597656,36.794246673583984
2023-01-10,51.10577392578125,54.502967834472656,53.5222053527832,36.64124298095703
2023-01-11,51.32473373413086,55.070709228515625,53.87040328979492,36.87321472167969
2023-01-12,52.270652770996094,56.2061882019043,54.47517776489258,36.957115173339844
2023-01-13,52.428306579589844,57.15242004394531,54.73174285888672,37.36676025390625
2023-01-16,52.165550231933594,57.720157623291016,54.411033630371094,37.48028564453125
2023-01-17,52.10424041748047,57.90940475463867,54.61262512207031,38.225547790527344
2023-01-18,52.235618591308594,57.81477737426758,54.61262512207031,39.00041961669922
2023-01-19,51.587493896484375,58.09865188598633,53.45805740356445,37.55431365966797
2023-01-20,52.244380950927734,56.30080795288086,53.92538070678711,37.564186096191406
2023-01-23,52.72609329223633,56.490055084228516,54.24609375,38.55128860473633
2023-01-24,53.20780944824219,56.963172912597656,53.778770446777344,38.59077835083008
2023-01-25,53.41801452636719,56.490055084228516,53.50387191772461,38.94119644165039
2023-01-26,54.06614303588867,56.2061882019043,53.613834381103516,42.12953567504883
2023-01-27,54.328895568847656,56.2061882019043,53.71462631225586,43.12650680541992
2023-01-30,54.398963928222656,56.1115608215332,53.06403732299805,43.01298904418945
2023-01-31,55.090885162353516,56.30080795288086,52.21186447143555,42.553993225097656
2023-02-01,55.344879150390625,57.3416633605957,51.28638458251953,43.69409942626953
2023-02-02,53.95227813720703,57.4362907409668,50.5624885559082,44.9279670715332
2023-02-03,54.0573844909668,58.19327163696289,51.634586334228516,45.51530075073242
2023-02-06,53.20780944824219,58.0040283203125,51.00232696533203,44.53313064575195
2023-02-07,54.60041046142578,57.81477737426758,52.725006103515625,44.68119812011719
2023-02-08,55.92293930053711,58.0040283203125,51.7170524597168,44.602230072021484
2023-02-09,56.413421630859375,58.477142333984375,53.00905990600586,45.54985046386719
2023-02-10,55.695220947265625,57.3416633605957,54.383541107177734,44.35051727294922
2023-02-13,55.458740234375,57.720157623291016,54.557647705078125,44.799644470214844
2023-02-14,56.38713836669922,58.28789520263672,54.960819244384766,45.016807556152344
2023-02-15,56.229488372802734,58.477142333984375,54.979148864746094,45.574520111083984
2023-02-16,57.63085174560547,55.16532897949219,54.92416763305664,45.939754486083984
2023-02-17,57.30678176879883,54.69221115112305,53.751277923583984,45.31293869018555
2023-02-20,57.36809158325195,54.21909713745117,53.989524841308594,44.799644470214844
2023-02-21,57.28050994873047,53.272865295410156,53.73295593261719,44.43442153930664
2023-02-22,56.019287109375,53.272865295410156,53.51304244995117,44.02477264404297
2023-02-23,56.746238708496094,54.029850006103516,54.16362762451172,44.63677978515625
2023-02-24,55.957977294921875,54.124473571777344,53.32061004638672,44.034645080566406
2023-02-27,57.33305740356445,55.070709228515625,54.26441955566406,44.94771194458008
2023-02-28,57.93739318847656,54.97608184814453,53.6688117980957,44.839134216308594
2023-03-01,55.528812408447266,56.2061882019043,53.1281852722168,45.115516662597656
2023-03-02,55.502532958984375,56.963172912597656,54.172786712646484,43.65460968017578
2023-03-03,56.282039642333984,57.62553405761719,54.07199478149414,44.72067642211914
2023-03-06,56.87761688232422,57.24704360961914,54.33772659301758,45.22410202026367
2023-03-07,55.984249114990234,56.584678649902344,54.062828063964844,44.404808044433594
2023-03-08,56.054317474365234,56.77392578125,53.97119903564453,45.89039611816406
2023-03-09,54.863162994384766,55.827693939208984,53.58634567260742,46.43330383300781
2023-03-10,52.7698860168457,54.69221115112305,53.183162689208984,45.66335678100586
2023-03-13,49.17890548706055,52.799747467041016,50.52583694458008,43.82735061645508
2023-03-14,50.69412612915039,54.029850006103516,51.72621536254883,45.273460388183594
2023-03-15,45.57040786743164,52.421260833740234,48.81232452392578,43.5558967590332
2023-03-16,46.16598892211914,53.367488861083984,48.84897232055664,44.68119812011719
2023-03-17,45.26386260986328,52.89437484741211,48.69320297241211,44.83419418334961
2023-03-20,46.034610748291016,53.84061050415039,49.35295486450195,44.853965759277344
2023-03-21,47.94396209716797,54.59759521484375,50.58998107910156,45.323455810546875
2023-03-22,47.707481384277344,54.502967834472656,50.506465911865234,45.84731674194336
2023-03-23,46.665218353271484,54.69221115112305,49.578556060791016,46.63804244995117
2023-03-24,44.20408630371094,52.70512771606445,48.0753288269043,44.87867736816406
2023-03-27,45.360206604003906,53.93523025512695,48.37226104736328,45.313575744628906
2023-03-28,45.517860412597656,53.46211242675781,49.65278625488281,43.99405288696289
2023-03-29,46.74404525756836,54.21909713745117,49.9589958190918,46.81101608276367
2023-03-30,47.76002883911133,54.313724517822266,50.487911224365234,48.04158401489258
2023-03-31,48.35560607910156,54.029850006103516,50.44151306152344,48.38752365112305
2023-04-03,48.87236022949219,53.65135955810547,53.41084289550781,47.814247131347656
2023-04-04,49.34531784057617,53.46211242675781,52.64067077636719,47.01858139038086
2023-04-05,48.89863586425781,52.94168472290039,53.021121978759766,45.140602111816406
2023-04-06,50.12482452392578,52.94168472290039,53.355167388916016,45.402530670166016
2023-04-11,49.853309631347656,52.32663345336914,54.23668670654297,45.90167236328125
2023-04-12,49.984683990478516,52.137386322021484,54.2459716796875,45.101070404052734
2023-04-13,50.39633560180664,52.23201370239258,54.03255081176758,45.817665100097656
2023-04-14,52.016658782958984,52.0900764465332,54.48723220825195,45.53596496582031
2023-04-17,50.96563720703125,52.32663345336914,54.49650955200195,45.20484924316406
2023-04-18,52.034175872802734,52.89437484741211,54.422279357910156,45.48654556274414
2023-04-19,52.200584411621094,52.56319046020508,53.88408279418945,44.53273010253906
2023-04-20,51.543697357177734,52.0900764465332,53.429405212402344,42.86726760864258
2023-04-21,51.377288818359375,45.210968017578125,53.54075241088867,42.70912170410156
2023-04-24,51.79769515991211,46.781715393066406,54.01398849487305,41.913448333740234
2023-04-25,50.562747955322266,46.55461883544922,53.494361877441406,41.39947509765625
2023-04-26,50.457645416259766,46.49784469604492,54.1902961730957,41.809669494628906
2023-04-27,51.44735336303711,46.66816711425781,52.77058029174805,38.16244125366211
2023-04-28,51.31597900390625,46.51676940917969,53.76345443725586,38.11796188354492
2023-05-02,49.888343811035156,46.38429641723633,51.03538131713867,38.70112609863281
2023-05-03,49.30152893066406,46.51676940917969,50.69205093383789,38.02900695800781
2023-05-04,48.99497604370117,45.7219352722168,50.71989059448242,37.139434814453125
2023-05-05,50.702884674072266,46.478919982910156,52.08392333984375,38.12290573120117
2023-05-08,51.05322265625,46.706016540527344,52.14888000488281,38.26127624511719
2023-05-09,51.167083740234375,46.573543548583984,51.45294189453125,38.18715286254883
2023-05-10,50.729156494140625,46.081504821777344,51.582847595214844,38.68629837036133
2023-05-11,50.229923248291016,46.270748138427734,50.91475296020508,37.806610107421875
2023-05-12,51.2283935546875,45.96795654296875,51.74059295654297,38.52321243286133
2023-05-15,51.359771728515625,45.19204330444336,51.8519401550293,38.325531005859375
2023-05-16,51.17584228515625,44.96494674682617,51.165287017822266,39.0421257019043
2023-05-17,51.35101318359375,44.624305725097656,51.21168518066406,39.2645149230957
2023-05-18,52.235618591308594,44.73785400390625,51.67564392089844,40.672996520996094
2023-05-19,52.41954803466797,45.021724700927734,52.074642181396484,41.05353927612305
2023-05-22,53.693729400634766,45.210968017578125,51.889060974121094,41.355003356933594
2023-05-23,53.47824478149414,45.0595703125,52.90977096557617,41.05847930908203
2023-05-24,52.503868103027344,44.283660888671875,52.76130294799805,38.84938430786133
2023-05-25,52.635032653808594,43.810546875,51.03538131713867,38.72089385986328
2023-05-26,52.756832122802734,44.01871871948242,51.74059295654297,40.20844650268555
2023-05-29,52.560081481933594,43.810546875,51.7127571105957,39.729068756103516
2023-05-30,51.80119323730469,43.67807388305664,49.9404411315918,40.18867492675781
2023-05-31,50.601959228515625,43.318504333496094,49.253780364990234,40.124427795410156
2023-06-01,51.032936096191406,45.49483871459961,49.912601470947266,41.28581619262695
2023-06-02,52.91610336303711,44.20796203613281,51.2024040222168,41.52302551269531
2023-06-05,52.39143753051758,43.84839630126953,50.89619064331055,41.11777877807617
2023-06-06,52.906734466552734,44.30258560180664,50.42295455932617,41.26110076904297
2023-06-07,53.17843246459961,44.416133880615234,50.84051513671875,42.58556365966797
2023-06-08,53.41265869140625,44.870323181152344,51.0632209777832,43.04022979736328
2023-06-09,52.53197479248047,44.77570343017578,50.98898696899414,43.58879852294922
2023-06-12,52.869258880615234,45.68408203125,50.06106948852539,44.8885612487793
2023-06-13,53.103485107421875,45.68408203125,50.25592803955078,45.101070404052734
2023-06-14,53.890480041503906,46.64924240112305,50.02395248413086,45.62491989135742
2023-06-15,52.738094329833984,48.352455139160156,49.87548065185547,44.9577522277832
2023-06-16,53.000423431396484,50.008365631103516,49.921878814697266,45.07635498046875
2023-06-19,53.22528076171875,49.58256530761719,49.9311637878418,44.478370666503906
2023-06-20,53.150325775146484,48.4943962097168,49.3280143737793,44.04840850830078
2023-06-21,53.44076919555664,48.82557678222656,50.67366409301758,43.04022979736328
2023-06-22,52.20405960083008,47.926658630371094,49.41270446777344,43.20332336425781
2023-06-23,51.388954162597656,47.926658630371094,48.97983932495117,42.140785217285156
2023-06-26,51.74497604370117,47.046661376953125,49.46916580200195,43.08604049682617
2023-06-27,52.15721130371094,47.406227111816406,48.93278503417969,42.635684967041016
2023-06-28,52.33522415161133,48.21052551269531,48.95161056518555,43.88282775878906
2023-06-29,53.20654296875,47.73741149902344,48.866920471191406,44.150081634521484
2023-06-30,54.07786178588867,48.21052551269531,49.45034408569336,45.10028839111328
2023-07-03,54.74305725097656,48.15220642089844,50.34431457519531,45.293296813964844
2023-07-04,54.23713302612305,48.28828430175781,50.46664810180664,45.10028839111328
2023-07-05,53.72183609008789,47.68565368652344,49.591495513916016,44.90727996826172
2023-07-06,51.30463409423828,47.2385368347168,47.5965461730957,42.605987548828125
2023-07-07,51.64191818237305,47.37461853027344,48.085872650146484,43.35328674316406
2023-07-10,51.85740661621094,47.43293762207031,48.20820236206055,43.65517807006836
2023-07-11,52.616294860839844,47.76341247558594,48.923377990722656,43.95212173461914
2023-07-12,53.122222900390625,48.07444763183594,49.46916580200195,46.01090621948242
2023-07-13,53.41265869140625,47.97724914550781,49.535037994384766,46.68891906738281
2023-07-14,53.07537841796875,48.05500793457031,48.25525665283203,46.8472900390625
2023-07-17,53.131587982177734,48.01612854003906,47.95412826538086,46.33259582519531
2023-07-18,53.97480010986328,49.27971267700195,48.51874542236328,46.317745208740234
2023-07-19,54.30271530151367,49.328311920166016,49.233917236328125,46.45631790161133
2023-07-20,54.38703536987305,48.745121002197266,50.15610885620117,45.75355529785156
2023-07-21,54.34955978393555,47.80229187011719,50.80541229248047,45.24380874633789
2023-07-24,54.68684387207031,47.5495719909668,51.55821990966797,45.20421600341797
2023-07-25,54.89296340942383,47.29685974121094,51.134761810302734,46.30784606933594
2023-07-26,54.45261764526367,43.836585998535156,50.68307876586914,45.857486724853516
2023-07-27,56.073455810546875,43.292274475097656,51.115943908691406,49.94536590576172
2023-07-28,56.382633209228516,44.225379943847656,51.22886276245117,47.901424407958984
2023-07-31,56.23272705078125,44.186500549316406,52.00049591064453,48.12907791137695
2023-08-01,55.18340301513672,43.836585998535156,51.38883590698242,48.03999710083008
2023-08-02,53.97480010986328,43.93378829956055,49.977317810058594,47.41642379760742
2023-08-03,54.61189270019531,44.41978073120117,50.90891647338867,46.12473678588867
2023-08-04,55.54879379272461,44.82801055908203,52.292213439941406,44.936973571777344
2023-08-07,55.79238510131836,44.92521286010742,52.16046905517578,44.5113639831543
2023-08-08,54.115333557128906,44.40034103393555,51.90639877319336,43.93231964111328
2023-08-09,54.85548400878906,44.26426315307617,53.67550277709961,43.679927825927734
2023-08-10,56.495059967041016,44.186500549316406,54.40949249267578,44.036251068115234
2023-08-11,55.79238510131836,44.08930587768555,53.79783630371094,42.71486282348633
2023-08-14,55.9141845703125,44.342018127441406,53.24264144897461,43.09098815917969
2023-08-15,55.07097244262695,44.53641891479492,52.79094696044922,42.80889892578125
2023-08-16,54.78990173339844,43.89490509033203,52.99797058105469,42.6752815246582
2023-08-17,54.92106628417969,43.70050811767578,53.41202163696289,41.87848663330078
2023-08-18,54.54631042480469,43.253395080566406,53.647274017333984,41.72011947631836
2023-08-21,54.65873718261719,43.58386993408203,54.19306182861328,42.12099075317383
2023-08-22,54.85548400878906,43.447792053222656,54.56005859375,43.160282135009766
2023-08-23,54.81800842285156,43.370033264160156,53.60963439941406,43.14543151855469
2023-08-24,54.75242614746094,43.42835235595703,53.79783630371094,42.076446533203125
2023-08-25,54.63063049316406,43.564430236816406,53.938987731933594,42.00715637207031
2023-08-28,55.745540618896484,43.681068420410156,54.475364685058594,42.729713439941406
2023-08-29,56.12030029296875,44.069862365722656,54.4471321105957,43.66508102416992
2023-08-30,56.1015625,44.41978073120117,54.52241516113281,43.22461700439453
2023-08-31,55.94228744506836,44.92521286010742,54.64474868774414,43.219669342041016
2023-09-01,55.82986068725586,45.48896408081055,55.4163818359375,43.11079025268555
2023-09-04,55.68932342529297,45.33344650268555,55.256412506103516,43.0316047668457
2023-09-05,55.64248275756836,45.08073043823242,56.36681365966797,43.046451568603516
2023-09-06,54.90232849121094,45.6056022644043,55.999813079833984,42.40803146362305
2023-09-07,54.87422180175781,45.35288619995117,56.347991943359375,40.66598129272461
2023-09-08,54.74305725097656,45.8388786315918,56.81849670410156,40.95797348022461
2023-09-11,55.75490951538086,45.89719772338867,57.157264709472656,40.66103744506836
2023-09-12,56.092193603515625,45.3723258972168,57.6748161315918,40.85404586791992
2023-09-13,56.110931396484375,44.7502555847168,57.61835479736328,40.89363479614258
2023-09-14,57.43196105957031,44.497535705566406,58.606422424316406,41.31924819946289
2023-09-15,57.58186340332031,44.71137619018555,58.69111251831055,40.91838073730469
2023-09-18,56.31705093383789,45.04185104370117,58.33353042602539,40.29389953613281
2023-09-19,57.25394821166992,44.5947380065918,59.32159423828125,40.090694427490234
2023-09-20,58.15337371826172,44.186500549316406,59.312076568603516,40.34841537475586
2023-09-21,57.7598762512207,43.54499053955078,58.92167663574219,40.02626419067383
2023-09-22,56.90729904174805,43.54499053955078,58.95024108886719,39.917232513427734
2023-09-25,56.607486724853516,43.54499053955078,59.15972137451172,39.98661422729492
2023-09-26,56.42947769165039,41.950931549072266,58.95024108886719,39.38691711425781
2023-09-27,56.31705093383789,41.173343658447266,59.92147445678711,39.47117233276367
2023-09-28,56.654335021972656,41.017826080322266,60.5784912109375,40.150169372558594
2023-09-29,56.616859436035156,42.320289611816406,59.331119537353516,40.6259651184082
2023-10-02,55.92354965209961,41.795413970947266,58.607452392578125,40.690391540527344
2023-10-03,55.0897102355957,40.706790924072266,58.35035705566406,40.00148391723633
2023-10-04,54.9398078918457,41.05670928955078,57.21725082397461,40.83907699584961
2023-10-05,55.46446990966797,40.978946685791016,56.91254806518555,40.6259651184082
2023-10-06,56.19525146484375,41.42605972290039,57.455299377441406,41.686588287353516
2023-10-09,55.30519485473633,41.095584869384766,58.455101013183594,41.22071075439453
2023-10-10,56.054718017578125,42.320289611816406,58.93119812011719,42.296199798583984
2023-10-11,56.438846588134766,41.659339904785156,58.740760803222656,42.00874328613281
2023-10-12,55.68932342529297,42.72852325439453,59.19780731201172,42.06325912475586
2023-10-13,54.002906799316406,42.45636749267578,60.150001525878906,40.79943084716797
2023-10-16,54.1809196472168,42.475807189941406,60.045265197753906,40.908470153808594
2023-10-17,54.040382385253906,42.45636749267578,60.159523010253906,40.298851013183594
2023-10-18,53.693729400634766,42.45636749267578,60.73084259033203,39.505859375
2023-10-19,53.131587982177734,42.30084991455078,60.3023567199707,38.59392547607422
2023-10-20,52.05415725708008,41.387184143066406,59.57868957519531,37.409393310546875
2023-10-23,52.58818817138672,41.328861236572266,59.32159423828125,37.48373031616211
2023-10-24,52.3820686340332,41.30942153930664,59.06450271606445,37.102108001708984
2023-10-25,52.635032653808594,40.667911529541016,59.22637939453125,36.79977798461914
2023-10-26,51.26716232299805,43.9726676940918,59.49298858642578,38.61375045776367
2023-10-27,51.220314025878906,43.836585998535156,59.98813247680664,37.211143493652344
2023-10-30,50.33026123046875,45.10017013549805,59.978607177734375,34.95606994628906
2023-10-31,50.86429214477539,44.57529830932617,60.17856979370117,35.66480255126953
2023-11-01,50.96735382080078,44.01154327392578,60.5880126953125,35.81844711303711
2023-11-02,52.05415725708008,45.9943962097168,61.50210952758789,37.389564514160156
2023-11-03,53.06600570678711,46.53871154785156,59.350162506103516,38.083431243896484
2023-11-06,53.22528076171875,46.01383590698242,59.66438674926758,37.76128387451172
2023-11-07,52.41954803466797,46.07215881347656,58.31227493286133,37.95457458496094
2023-11-08,52.560081481933594,45.79999923706055,57.874263763427734,37.96448516845703
2023-11-09,52.55071258544922,46.55815124511719,58.426536560058594,38.222206115722656
2023-11-10,52.10100173950195,45.93607711791992,59.07402801513672,38.27672576904297
2023-11-13,52.2696418762207,45.41120529174805,59.788169860839844,38.331241607666016
2023-11-14,52.47575759887695,47.37461853027344,59.55012130737305,39.7933235168457
2023-11-15,52.81304168701172,47.31629943847656,59.61677551269531,41.9046630859375
2023-11-16,52.55071258544922,47.27742004394531,58.045658111572266,41.42886734008789
2023-11-17,53.150325775146484,48.13276672363281,58.85502624511719,41.5577278137207
2023-11-20,53.215911865234375,48.56044006347656,59.98813247680664,41.830318450927734
2023-11-21,52.89736557006836,48.647918701171875,59.94052505493164,41.047237396240234
2023-11-22,53.009796142578125,48.79372024536133,58.893104553222656,41.38425827026367
2023-11-23,53.309600830078125,48.17164611816406,59.80721664428711,41.230621337890625
2023-11-24,53.431396484375,48.647918701171875,60.12144088745117,41.448692321777344
2023-11-27,52.859886169433594,48.17164611816406,59.85482406616211,41.255401611328125
2023-11-28,52.91610336303711,47.99668884277344,60.169044494628906,41.473472595214844
2023-11-29,53.328338623046875,48.40492248535156,58.731239318847656,42.65800476074219
2023-11-30,54.12470245361328,48.03556823730469,59.28350830078125,43.07432556152344
2023-12-01,54.152809143066406,49.18251037597656,59.378726959228516,43.3469123840332
2023-12-04,54.78053665161133,48.69651794433594,58.455101013183594,42.9851188659668
2023-12-05,55.989131927490234,50.73768997192383,58.436058044433594,43.66410827636719
2023-12-06,56.83234405517578,50.2516975402832,57.75048065185547,44.15972900390625
2023-12-07,57.25394821166992,50.39749526977539,57.76952362060547,43.46091079711914
2023-12-08,57.9472541809082,51.175086975097656,58.94071578979492,43.99617385864258
2023-12-11,57.31953430175781,51.709678649902344,59.00737380981445,44.16987991333008
2023-12-12,56.98224639892578,51.46668243408203,58.378929138183594,44.2095832824707
2023-12-13,56.50442886352539,51.952674865722656,58.426536560058594,43.94158935546875
2023-12-14,58.912261962890625,52.535865783691406,58.47414779663086,45.25675964355469
2023-12-15,59.109012603759766,53.16765594482422,58.683631896972656,46.467708587646484
2023-12-18,58.453182220458984,53.84804916381836,59.369205474853516,45.172386169433594
2023-12-19,58.359493255615234,54.47983932495117,59.02641677856445,45.48008728027344
2023-12-20,58.893524169921875,54.86863327026367,59.178768157958984,45.49993896484375
2023-12-21,58.912261962890625,55.3060302734375,59.03594207763672,45.187278747558594
2023-12-22,59.0340576171875,55.45182418823242,59.32159423828125,45.17735290527344
2023-12-27,59.015323638916016,55.500423431396484,59.483463287353516,45.331199645996094
2023-12-28,58.509395599365234,55.16022872924805,58.47414779663086,45.172386169433594
2023-12-29,58.640560150146484,55.16022872924805,58.655059814453125,44.90935516357422
2024-01-02,59.36197280883789,55.06303024291992,59.74412155151367,44.249290466308594
2024-01-03,57.77861022949219,55.20882797241211,59.50318145751953,42.7207145690918
2024-01-04,58.94036865234375,54.47983932495117,60.216365814208984,41.0333251953125
2024-01-05,59.024688720703125,54.9658317565918,60.23564147949219,40.700809478759766
2024-01-08,59.15585708618164,56.375213623046875,58.35628890991211,40.97873306274414
2024-01-09,58.67803955078125,56.8612060546875,57.94186782836914,40.3980712890625
2024-01-10,58.490657806396484,56.90980529785156,57.604549407958984,39.99607467651367
2024-01-11,56.96350860595703,56.666805267333984,57.32505416870117,39.633785247802734
2024-01-12,56.99161911010742,58.027587890625,57.961143493652344,39.42534255981445
2024-01-15,57.2633171081543,57.78459167480469,57.76839065551758,39.33600997924805
2024-01-16,56.916664123535156,57.152801513671875,57.42143630981445,39.52460479736328
2024-01-17,56.438846588134766,57.6387939453125,56.14925765991211,38.591575622558594
2024-01-18,56.83234405517578,57.78459167480469,56.39019775390625,40.02089309692383
2024-01-19,56.785499572753906,57.00700378417969,56.16853332519531,40.21940994262695
2024-01-22,57.64744567871094,58.319183349609375,55.65773391723633,41.25168991088867
2024-01-23,57.31016159057617,59.193973541259766,56.01432800292969,42.035831451416016
2024-01-24,58.07842254638672,60.06875991821289,56.72751998901367,42.29390335083008
2024-01-25,57.79734802246094,59.33977127075195,56.804622650146484,42.090423583984375
2024-01-26,58.603084564208984,59.33977127075195,57.459983825683594,40.99361801147461
2024-01-29,58.125267028808594,58.85377502441406,58.02861022949219,40.646217346191406
2024-01-30,58.275169372558594,59.777164459228516,58.24063491821289,40.78517532348633
2024-01-31,58.603084564208984,59.14537048339844,57.92258834838867,40.61147689819336
2024-02-01,53.20654296875,58.95097732543945,58.38520812988281,40.209476470947266
2024-02-02,52.522605895996094,59.67996597290039,57.633460998535156,39.89185333251953
2024-02-05,52.560081481933594,59.777164459228516,57.07447814941406,40.89435958862305
2024-02-06,51.60444641113281,60.651954650878906,58.11534881591797,40.59162521362305
2024-02-07,51.34210968017578,60.06875991821289,56.27454376220703,40.12511444091797
2024-02-08,51.09851837158203,60.360355377197266,57.035926818847656,41.54946517944336
2024-02-09,50.06792449951172,60.3117561340332,57.55636215209961,42.38819885253906
2024-02-12,50.751861572265625,60.60335159301758,57.65273666381836,42.884490966796875
2024-02-13,50.433319091796875,59.48556900024414,58.11534881591797,41.37080383300781
2024-02-14,50.51763916015625,60.16596221923828,58.23099899291992,41.38569259643555
2024-02-15,50.601959228515625,61.13794708251953,57.58527374267578,41.827388763427734
2024-02-16,50.94861602783203,61.186546325683594,57.7202033996582,42.24923324584961
2024-02-19,51.314002990722656,59.9229621887207,57.52745056152344,41.45020294189453
2024-02-20,51.99794006347656,58.95097732543945,56.4769401550293,40.64125061035156
2024-02-21,52.372703552246094,58.51358413696289,56.785343170166016,40.690879821777344
2024-02-22,52.67251205444336,60.89495086669922,56.98773956298828,41.89190673828125
2024-02-23,52.831783294677734,60.94355010986328,57.49853515625,41.23680114746094
2024-02-26,51.84803771972656,62.49872970581055,57.045562744140625,41.073028564453125
2024-02-27,52.09162902832031,62.98472213745117,57.34433364868164,42.735599517822266
2024-02-28,51.95109558105469,61.964134216308594,57.24795913696289,41.3807258605957
2024-02-29,51.88551330566406,62.6445198059082,56.852813720703125,41.41546630859375
2024-03-01,52.60692596435547,62.59592819213867,57.633460998535156,42.96885681152344
2024-03-04,53.656253814697266,62.790321350097656,57.23831558227539,42.58671188354492
2024-03-05,53.62814712524414,63.130516052246094,57.01665115356445,42.090423583984375
2024-03-06,53.656253814697266,62.59592819213867,57.806941986083984,42.58175277709961
2024-03-07,54.70558166503906,62.98472213745117,57.749114990234375,44.070621490478516
2024-03-08,55.211509704589844,62.790321350097656,57.87440490722656,43.132633209228516
2024-03-11,55.323936462402344,61.332340240478516,57.951507568359375,43.241817474365234
2024-03-12,55.94228744506836,62.158531188964844,58.47194290161133,43.9763298034668
2024-03-13,57.10404586791992,62.10993194580078,59.50318145751953,43.16737365722656
2024-03-14,56.44821548461914,62.547325134277344,60.43803787231445,42.55693435668945
2024-03-15,57.34763717651367,62.352928161621094,60.216365814208984,41.09287643432617
2024-03-18,57.48817443847656,62.40152359008789,60.36093521118164,40.97359848022461
2024-03-19,58.087791442871094,63.27631378173828,61.97043228149414,39.76089096069336
2024-03-20,58.02220916748047,61.86693572998047,61.61943054199219,39.6962776184082
2024-03-21,58.68740463256836,62.69312286376953,61.346431732177734,40.27280807495117
2024-03-22,58.837310791015625,62.40152359008789,61.27818298339844,39.71615982055664
2024-03-25,58.546871185302734,62.88751983642578,61.648677825927734,39.656517028808594
2024-03-26,60.25202560424805,63.85950469970703,61.40493392944336,39.606815338134766
2024-03-27,60.58930969238281,63.4707145690918,61.463436126708984,40.18832015991211
2024-03-28,61.7042236328125,63.519309997558594,61.88268280029297,39.681365966796875
2024-04-02,61.29198455810547,62.69312286376953,64.3104019165039,38.70722579956055
2024-04-03,62.33194351196289,64.05390930175781,64.99290466308594,39.08992385864258
2024-04-04,62.92219543457031,64.00530242919922,65.3731460571289,39.184356689453125
2024-04-05,62.35068893432617,63.95671081542969,65.12940216064453,38.30464553833008
2024-04-08,62.762916564941406,64.39409637451172,66.23114013671875,38.8414192199707
2024-04-09,62.43500518798828,64.97728729248047,65.71439361572266,39.35334014892578
2024-04-10,62.51932907104492,64.63710021972656,66.37738800048828,39.19926834106445
2024-04-11,61.376312255859375,64.34549713134766,66.00688934326172,39.184356689453125
2024-04-12,61.235774993896484,63.85950469970703,67.36212158203125,38.786746978759766
2024-04-15,61.61989974975586,64.39409637451172,66.58213806152344,38.582969665527344
2024-04-16,59.80231857299805,63.85950469970703,65.56814575195312,37.76290512084961
2024-04-17,60.10212707519531,64.24829864501953,65.9678955078125,37.81260681152344
2024-04-18,61.329463958740234,64.73429107666016,65.73389434814453,37.35038757324219
2024-04-19,61.30135726928711,59.67996597290039,65.5973892211914,36.49055480957031
2024-04-22,62.4162712097168,60.26315689086914,66.20188903808594,36.475643157958984
2024-04-23,63.756038665771484,61.0893440246582,66.2116470336914,36.99253463745117
2024-04-24,63.45623016357422,61.52674102783203,66.2116470336914,38.98555374145508
2024-04-25,64.04647064208984,60.94355010986328,66.3578872680664,39.42292022705078
2024-04-26,62.78166198730469,61.72113800048828,67.74237823486328,38.43387222290039
2024-04-29,63.44685745239258,61.429542541503906,67.51812744140625,37.92194747924805
2024-04-30,63.34379959106445,61.13794708251953,66.8746337890625,37.41996765136719
2024-05-02,63.19388961791992,61.72113800048828,65.17814636230469,36.048213958740234
2024-05-03,63.37190628051758,61.769737243652344,64.70040893554688,36.982601165771484
2024-05-06,63.924678802490234,61.81833267211914,65.57789611816406,37.00247573852539
2024-05-07,65.2082290649414,62.547325134277344,65.39264678955078,38.085960388183594
2024-05-08,65.52677917480469,63.27631378173828,65.54865264892578,37.24104309082031
2024-05-09,66.15449523925781,63.71371078491211,66.64063262939453,37.370269775390625
2024-05-10,66.70726776123047,62.936119079589844,66.9623794555664,37.42990493774414
2024-05-13,67.1101303100586,63.179115295410156,67.03063201904297,37.55913162231445
2024-05-14,67.00707244873047,62.98472213745117,66.61138916015625,38.19033432006836
2024-05-15,67.22256469726562,62.74172592163086,65.78263854980469,38.746986389160156
2024-05-16,67.09140014648438,65.12309265136719,64.79789733886719,38.62770462036133
2024-05-17,67.74722290039062,65.0744857788086,65.27564239501953,38.09093475341797
2024-05-20,68.30000305175781,65.70628356933594,65.32440185546875,38.46369171142578
2024-05-21,68.33999633789062,65.4632797241211,64.7394027709961,37.45475769042969
2024-05-22,67.5199966430664,65.0744857788086,63.540164947509766,38.59788513183594
2024-05-23,67.08999633789062,65.3660888671875,64.0569076538086,38.6674690246582
2024-05-24,67.20999908447266,65.85208129882812,64.33966064453125,38.42393112182617
2024-05-27,67.05999755859375,66.09507751464844,64.7394027709961,38.1605110168457
2024-05-28,67.79000091552734,64.58849334716797,64.48590850830078,38.29967498779297
2024-05-29,66.93000030517578,63.227718353271484,63.98865509033203,37.26589584350586
2024-05-30,67.79000091552734,63.85950469970703,63.67666244506836,37.55913162231445
2024-05-31,67.69999694824219,64.97728729248047,65.33415222167969,37.62871170043945
2024-06-03,68.05999755859375,65.17169189453125,64.27140045166016,38.07602310180664
2024-06-04,66.83000183105469,64.83148956298828,62.72117233276367,38.81657028198242
2024-06-05,66.2300033569336,64.68569946289062,63.101417541503906,39.98454284667969
2024-06-06,66.8499984741211,64.97728729248047,63.34516525268555,40.97359848022461
2024-06-07,66.37000274658203,64.00530242919922,63.315921783447266,41.15748977661133
2024-06-10,63.209999084472656,63.373512268066406,63.57916259765625,40.99347686767578
2024-06-11,60.75,62.936119079589844,62.49692153930664,40.15850067138672
2024-06-12,61.81999969482422,63.32491683959961,62.34092330932617,41.470611572265625
2024-06-13,60.0,61.86693572998047,60.75168991088867,40.48155212402344
2024-06-14,58.40999984741211,59.971561431884766,59.88394546508789,39.1694450378418
2024-06-17,59.13999938964844,60.26315689086914,60.44944381713867,39.49747085571289
2024-06-18,59.459999084472656,60.749149322509766,61.287933349609375,39.820533752441406
2024-06-19,58.709999084472656,60.554752349853516,61.001590728759766,37.981590270996094
2024-06-20,60.11000061035156,60.749149322509766,61.5249137878418,38.1953010559082
2024-06-21,59.33000183105469,60.06875991821289,60.99171829223633,37.78775405883789
2024-06-24,61.27000045776367,60.70055389404297,61.722389221191406,37.62335205078125
2024-06-25,60.560001373291016,59.777164459228516,62.087730407714844,37.09028625488281
2024-06-26,60.25,58.61077880859375,61.25831604003906,36.70668411254883
2024-06-27,60.02000045776367,58.319183349609375,61.25831604003906,36.1835823059082
2024-06-28,59.529998779296875,57.25,61.54466247558594,36.73159408569336
2024-07-01,61.66999816894531,58.099998474121094,62.80853271484375,36.113834381103516
2024-07-02,61.22999954223633,59.150001525878906,63.203495025634766,36.9507942199707
2024-07-03,62.72999954223633,59.5,64.0131607055664,37.73295211791992
2024-07-04,63.91999816894531,60.70000076293945,64.96106719970703,37.9521598815918
2024-07-05,63.65999984741211,60.95000076293945,64.53648376464844,38.789119720458984
2024-07-08,62.540000915527344,60.79999923706055,63.86505126953125,38.913665771484375
2024-07-09,61.06999969482422,60.25,62.42344665527344,38.07670593261719
2024-07-10,61.619998931884766,59.900001525878906,62.2457160949707,38.8538818359375
2024-07-11,62.02000045776367,60.5,62.02848434448242,38.67951583862305
2024-07-12,62.439998626708984,61.29999923706055,62.69991683959961,39.31222152709961
2024-07-15,62.7400016784668,61.70000076293945,62.482688903808594,38.79907989501953
2024-07-16,62.56999969482422,61.45000076293945,61.515037536621094,38.54002380371094
2024-07-17,63.029998779296875,61.400001525878906,62.038360595703125,38.325801849365234
2024-07-18,63.650001525878906,62.599998474121094,62.99613952636719,37.762847900390625
2024-07-19,63.04999923706055,61.29999923706055,61.93962097167969,36.64191818237305
2024-07-22,64.52999877929688,62.25,62.34445571899414,37.68811798095703
2024-07-23,64.69000244140625,62.5,61.3471794128418,37.05043411254883
2024-07-24,64.08000183105469,62.349998474121094,61.67302322387695,36.900978088378906
2024-07-25,64.55999755859375,57.0,61.1891975402832,31.844341278076172
2024-07-26,64.45999908447266,57.599998474121094,61.3471794128418,30.608829498291016
2024-07-29,63.90999984741211,57.5,60.96209716796875,30.94759750366211
2024-07-30,64.23999786376953,57.54999923706055,61.297813415527344,30.30991554260254
2024-07-31,63.459999084472656,57.150001525878906,61.69276809692383,30.4892635345459
2024-08-01,61.459999084472656,56.849998474121094,61.12995147705078,29.477935791015625
2024-08-02,59.65999984741211,56.099998474121094,60.369651794433594,27.81896209716797
2024-08-05,58.599998474121094,54.95000076293945,58.75031661987305,26.683088302612305
2024-08-06,57.83000183105469,55.0,58.48371887207031,26.513704299926758
2024-08-07,59.459999084472656,56.20000076293945,60.15242385864258,26.742870330810547
2024-08-08,59.41999816894531,55.400001525878906,60.14255142211914,26.653196334838867
2024-08-09,59.25,55.79999923706055,60.57700729370117,26.628286361694336
2024-08-12,59.25,55.599998474121094,60.94234848022461,26.757816314697266
2024-08-13,59.27000045776367,54.79999923706055,60.567134857177734,26.832544326782227
2024-08-14,59.75,55.400001525878906,60.68561935424805,26.797672271728516
2024-08-15,60.470001220703125,55.349998474121094,61.69276809692383,27.440338134765625
2024-08-16,61.119998931884766,55.45000076293945,61.54466247558594,27.684450149536133
2024-08-19,61.36000061035156,55.54999923706055,62.12722396850586,27.81896209716797
2024-08-20,60.90999984741211,55.150001525878906,61.1891975402832,27.704378128051758
2024-08-21,61.18000030517578,55.25,61.3471794128418,28.003292083740234
2024-08-22,61.08000183105469,55.400001525878906,60.843605041503906,27.813982009887695
2024-08-23,61.41999816894531,56.04999923706055,61.376800537109375,28.008275985717773
2024-08-26,61.45000076293945,56.25,62.0679817199707,27.80401611328125
2024-08-27,61.9900016784668,56.150001525878906,61.92974853515625,27.898672103881836
2024-08-28,61.880001068115234,55.95000076293945,61.623653411865234,27.664522171020508
2024-08-29,62.11000061035156,55.599998474121094,61.91987228393555,28.47159194946289
2024-08-30,62.58000183105469,55.599998474121094,61.40642166137695,28.66588592529297
2024-09-02,62.43000030517578,54.95000076293945,61.69276809692383,28.566247940063477
2024-09-03,61.68000030517578,54.0,59.747589111328125,27.26597023010254
2024-09-04,61.91999816894531,53.29999923706055,59.41187286376953,26.942148208618164
2024-09-05,63.61000061035156,53.400001525878906,59.79696273803711,26.53363037109375
2024-09-06,62.18000030517578,52.54999923706055,59.10578155517578,25.726560592651367
2024-09-09,62.56999969482422,53.20000076293945,60.19192123413086,26.00554847717285
2024-09-10,62.18000030517578,53.650001525878906,59.11565399169922,25.103822708129883
2024-09-11,62.61000061035156,53.5,59.43162155151367,25.068950653076172
2024-09-12,63.470001220703125,53.5,60.14255142211914,25.168588638305664
2024-09-13,63.369998931884766,54.20000076293945,60.300537109375,25.66179656982422
2024-09-16,63.290000915527344,54.04999923706055,60.448646545410156,24.7999267578125
2024-09-17,64.44999694824219,54.150001525878906,60.626380920410156,25.477466583251953
2024-09-18,64.1500015258789,54.349998474121094,60.458518981933594,25.15862464904785
2024-09-19,65.16999816894531,55.650001525878906,61.86063003540039,26.050386428833008
2024-09-20,64.77999877929688,55.5,61.208946228027344,24.780000686645508
2024-09-23,62.40999984741211,55.75,61.33730697631836,24.834999084472656
2024-09-24,62.81999969482422,56.0,61.90999984741211,25.295000076293945
2024-09-25,62.310001373291016,56.04999923706055,60.709999084472656,25.184999465942383
2024-09-26,63.2400016784668,57.400001525878906,59.29999923706055,25.90999984741211
2024-09-27,63.29999923706055,57.400001525878906,59.150001525878906,27.475000381469727
2024-09-30,61.54999923706055,56.45000076293945,58.5,26.649999618530273
2024-10-01,61.13999938964844,55.70000076293945,59.310001373291016,26.010000228881836
2024-10-02,60.959999084472656,55.79999923706055,60.63999938964844,26.28499984741211
2024-10-03,60.09000015258789,55.70000076293945,61.52000045776367,25.709999084472656
2024-10-04,60.86000061035156,56.5,62.650001525878906,25.75
2024-10-07,61.810001373291016,55.79999923706055,63.279998779296875,25.780000686645508
2024-10-08,61.900001525878906,55.29999923706055,62.08000183105469,25.30500030517578
2024-10-09,62.099998474121094,55.5,61.97999954223633,25.7450008392334
2024-10-10,61.91999816894531,55.349998474121094,62.40999984741211,25.610000610351562
2024-10-11,62.15999984741211,55.25,62.369998931884766,25.55500030517578
2024-10-14,62.91999816894531,53.70000076293945,62.4900016784668,25.81999969482422
2024-10-15,63.709999084472656,53.650001525878906,59.4900016784668,25.014999389648438
2024-10-16,64.4800033569336,46.599998474121094,59.40999984741211,25.094999313354492
2024-10-17,65.61000061035156,46.939998626708984,59.779998779296875,25.415000915527344
2024-10-18,66.2699966430664,47.79999923706055,59.65999984741211,25.635000228881836
2024-10-21,65.80000305175781,46.91999816894531,59.939998626708984,25.125
2024-10-22,65.69999694824219,46.900001525878906,60.25,25.55500030517578
2024-10-23,65.2300033569336,46.380001068115234,60.0099983215332,26.024999618530273
2024-10-24,65.33000183105469,46.2400016784668,60.08000183105469,26.040000915527344
2024-10-25,65.33000183105469,45.58000183105469,60.27000045776367,26.170000076293945
2024-10-28,66.0199966430664,46.119998931884766,59.72999954223633,26.309999465942383
2024-10-29,65.94000244140625,46.36000061035156,59.400001525878906,26.719999313354492
2024-10-30,65.5,45.79999923706055,59.13999938964844,25.764999389648438
2024-10-31,62.75,45.08000183105469,57.400001525878906,25.024999618530273
2024-11-01,63.040000915527344,45.18000030517578,57.900001525878906,24.844999313354492
2024-11-04,62.869998931884766,45.060001373291016,58.08000183105469,24.104999542236328
2024-11-05,62.7400016784668,45.380001068115234,58.290000915527344,24.489999771118164
2024-11-06,61.06999969482422,45.939998626708984,57.56999969482422,24.704999923706055
2024-11-07,59.04999923706055,46.439998626708984,57.7400016784668,25.014999389648438
2024-11-08,59.7599983215332,45.70000076293945,56.84000015258789,24.65999984741211
2024-11-11,60.939998626708984,45.720001220703125,57.15999984741211,25.270000457763672
2024-11-12,59.380001068115234,44.939998626708984,55.720001220703125,25.530000686645508
2024-11-13,59.119998931884766,45.060001373291016,55.84000015258789,24.450000762939453
2024-11-14,59.470001220703125,45.619998931884766,57.150001525878906,25.139999389648438
2024-11-15,60.11000061035156,44.97999954223633,57.5099983215332,24.155000686645508
2024-11-18,60.41999816894531,44.65999984741211,58.099998474121094,23.670000076293945
2024-11-19,59.310001373291016,44.119998931884766,57.470001220703125,23.235000610351562
2024-11-20,58.4900016784668,44.380001068115234,57.369998931884766,22.950000762939453
2024-11-21,58.220001220703125,44.20000076293945,57.18000030517578,23.075000762939453
2024-11-22,56.91999816894531,44.459999084472656,57.09000015258789,23.399999618530273
2024-11-25,56.97999954223633,44.97999954223633,55.880001068115234,24.440000534057617
2024-11-26,56.29999923706055,44.34000015258789,54.93000030517578,24.44499969482422
2024-11-27,55.630001068115234,44.02000045776367,54.099998474121094,23.864999771118164
2024-11-28,56.13999938964844,44.060001373291016,54.220001220703125,23.7549991607666
2024-11-29,56.63999938964844,44.20000076293945,54.970001220703125,24.270000457763672
2024-12-02,55.939998626708984,42.2400016784668,53.79999923706055,24.625
2024-12-03,55.779998779296875,42.2599983215332,54.13999938964844,24.420000076293945
2024-12-04,56.5,42.36000061035156,53.939998626708984,24.719999313354492
2024-12-05,57.970001220703125,43.060001373291016,54.060001373291016,24.875
2024-12-06,58.56999969482422,44.29999923706055,54.22999954223633,25.075000762939453
