Date,BNP.PA,IPS.PA,TTE.PA,STMPA.PA
2022-05-16,42.6850700378418,40.90004348754883,44.782623291015625,36.47494888305664
2022-05-17,43.65611267089844,41.868370056152344,45.31957244873047,37.45690155029297
2022-05-18,43.525550842285156,40.669490814208984,45.189666748046875,36.686065673828125
2022-05-19,43.40314865112305,40.392826080322266,44.62674331665039,36.671329498291016
2022-05-20,43.82746887207031,41.17671203613281,44.782623291015625,36.131248474121094
2022-05-23,45.649234771728516,41.361148834228516,46.15095901489258,36.18035888671875
2022-05-24,45.26386260986328,40.43893814086914,45.42349624633789,34.93817901611328
2022-05-25,45.43027114868164,41.03837585449219,46.72254180908203,35.13948059082031
2022-05-26,46.1572265625,41.68392562866211,47.735801696777344,35.7286491394043
2022-05-27,46.90169906616211,42.375579833984375,47.527957916259766,36.60260009765625
2022-05-30,47.55858612060547,43.205570220947266,47.78776168823242,37.162315368652344
2022-05-31,46.516326904296875,41.68392562866211,48.14283752441406,36.55841064453125
2022-06-01,46.27984619140625,42.28335952758789,46.86977767944336,36.38166427612305
2022-06-02,46.1572265625,42.652244567871094,46.9130744934082,37.039573669433594
2022-06-03,46.034610748291016,42.69835662841797,47.181541442871094,36.229454040527344
2022-06-06,46.66522216796875,42.79058074951172,48.056236267089844,36.36201477050781
2022-06-07,45.93826675415039,42.69835662841797,48.24676513671875,36.10671615600586
2022-06-08,45.61420440673828,42.88279724121094,48.9482536315918,36.3472900390625
2022-06-09,44.834693908691406,42.560028076171875,48.24676513671875,35.33095932006836
2022-06-10,42.566246032714844,42.560028076171875,47.19886779785156,33.882564544677734
2022-06-13,40.875858306884766,40.715606689453125,46.20292282104492,31.943193435668945
2022-06-14,41.45830154418945,41.315040588378906,46.83513259887695,31.913732528686523
2022-06-15,42.29035568237305,42.05281066894531,46.35881042480469,33.10190963745117
2022-06-16,41.620330810546875,39.37839889526367,45.00779724121094,31.054521560668945
2022-06-17,41.813018798828125,40.02394485473633,42.730125427246094,31.13307762145996
2022-06-20,42.34291076660156,41.868370056152344,43.51821517944336,30.995338439941406
2022-06-21,43.227516174316406,42.32947540283203,44.31679916381836,31.797161102294922
2022-06-22,42.95162582397461,41.453372955322266,43.039947509765625,31.152753829956055
2022-06-23,40.93716812133789,40.623382568359375,42.20626449584961,30.61656951904297
2022-06-24,41.98381042480469,41.499481201171875,43.48749923706055,31.275732040405273
2022-06-27,41.86994934082031,42.05281066894531,43.87801742553711,31.3298397064209
2022-06-28,41.961910247802734,42.79058074951172,44.44843292236328,30.91663360595703
2022-06-29,41.23495864868164,42.05281066894531,44.72046661376953,30.28207015991211
2022-06-30,39.732879638671875,41.776145935058594,44.20270919799805,29.51468849182129
2022-07-01,39.68470764160156,41.30303192138672,44.00965118408203,28.629249572753906
2022-07-04,39.65842819213867,42.0127067565918,46.01048278808594,28.102901458740234
2022-07-05,38.45413589477539,41.49227523803711,43.0574951171875,27.512605667114258
2022-07-06,38.0424919128418,42.10732650756836,41.80697250366211,28.860443115234375
2022-07-07,39.01905822753906,42.34388732910156,43.32954406738281,29.68193817138672
2022-07-08,39.81608200073242,42.91162109375,43.237396240234375,30.33125877380371
2022-07-11,38.515445709228516,42.34388732910156,42.93024826049805,30.25255012512207
2022-07-12,38.375308990478516,42.438507080078125,42.35544967651367,30.587053298950195
2022-07-13,37.42501449584961,42.0127067565918,42.425655364990234,30.61656951904297
2022-07-14,36.00176239013672,42.0127067565918,40.446746826171875,30.788738250732422
2022-07-15,36.41341018676758,42.249267578125,41.7148323059082,31.772560119628906
2022-07-18,37.179779052734375,42.769691467285156,42.68892288208008,32.11198043823242
2022-07-19,38.44976043701172,43.66861343383789,43.08821105957031,32.49566650390625
2022-07-20,38.99716567993164,44.09441375732422,43.175968170166016,33.184349060058594
2022-07-21,39.00154495239258,45.89225769042969,42.021976470947266,33.5139274597168
2022-07-22,38.375308990478516,44.851402282714844,42.596778869628906,33.38111114501953
2022-07-25,39.172332763671875,45.79763412475586,43.08821105957031,33.59263229370117
2022-07-26,38.813232421875,45.79763412475586,43.175968170166016,33.302406311035156
2022-07-27,38.85702896118164,46.554622650146484,43.654239654541016,34.42888259887695
2022-07-28,39.15044021606445,46.69655227661133,42.20187759399414,35.68817901611328
2022-07-29,40.289039611816406,47.31160354614258,43.66740036010742,36.332576751708984
2022-08-01,40.16642379760742,47.21697998046875,42.95657730102539,36.65724182128906
2022-08-02,40.639381408691406,47.07504653930664,42.33351516723633,36.981903076171875
2022-08-03,41.392608642578125,47.78472137451172,42.68892288208008,37.813236236572266
2022-08-04,42.32977294921875,47.87934112548828,42.68453598022461,38.02476119995117
2022-08-05,42.776451110839844,47.16967010498047,42.9039192199707,36.99174118041992
2022-08-08,42.4830436706543,47.5008544921875,43.72005844116211,36.79497528076172
2022-08-09,42.4830436706543,47.2642936706543,44.62394714355469,34.87160110473633
2022-08-10,43.122413635253906,47.87934112548828,44.351898193359375,36.02267837524414
2022-08-11,43.40268325805664,48.16321563720703,45.63313293457031,36.406368255615234
2022-08-12,44.16905212402344,47.78472137451172,45.571712493896484,36.52442169189453
2022-08-15,43.86250686645508,47.87934112548828,44.50108337402344,36.834327697753906
2022-08-16,43.90629577636719,48.06858825683594,45.194358825683594,36.96223068237305
2022-08-17,43.33261489868164,47.690101623535156,45.229461669921875,35.35860061645508
2022-08-18,42.9428596496582,47.5008544921875,46.33518600463867,36.49983215332031
2022-08-19,41.742950439453125,46.64924240112305,46.23865509033203,36.027591705322266
2022-08-22,40.709449768066406,45.84494400024414,46.54579544067383,34.99457931518555
2022-08-23,40.836448669433594,45.70301055908203,48.055206298828125,35.15690994262695
2022-08-24,40.867103576660156,45.79763412475586,47.07233428955078,35.329078674316406
2022-08-25,40.8452033996582,45.655696868896484,47.423362731933594,35.92921829223633
2022-08-26,40.15766143798828,44.66215515136719,47.35315704345703,34.98966598510742
2022-08-29,40.07883834838867,43.526676177978516,47.739280700683594,34.52726745605469
2022-08-30,40.63062286376953,43.38473892211914,46.01048278808594,34.709266662597656
2022-08-31,40.713829040527344,42.91162109375,44.4835319519043,34.18292236328125
2022-09-01,40.27152633666992,42.5804443359375,44.06230545043945,33.68610382080078
2022-09-02,41.58530044555664,43.006248474121094,45.24700927734375,35.0191764831543
2022-09-05,40.69192886352539,43.100868225097656,46.66865539550781,34.16817092895508
2022-09-06,40.779518127441406,43.24280548095703,45.378639221191406,34.3550910949707
2022-09-07,40.74010467529297,43.5739860534668,43.69811248779297,35.092960357666016
2022-09-08,41.550262451171875,44.141727447509766,43.175968170166016,35.56028366088867
2022-09-09,42.636314392089844,44.8040885925293,43.73322296142578,36.3424186706543
2022-09-12,44.28291320800781,44.8040885925293,44.404544830322266,36.312904357910156
2022-09-13,44.04643249511719,44.283660888671875,43.895565032958984,35.10771942138672
2022-09-14,44.01139831542969,43.1481819152832,44.983741760253906,35.28480911254883
2022-09-15,44.10774230957031,43.71592330932617,43.90434646606445,35.1815071105957
2022-09-16,43.201236724853516,42.864315032958984,43.680564880371094,34.74370574951172
2022-09-19,43.227516174316406,43.05356216430664,43.26372146606445,35.27587127685547
2022-09-20,42.42611312866211,42.67506408691406,42.88636779785156,35.18718338012695
2022-09-21,42.01008605957031,42.91162109375,43.549522399902344,36.32050323486328
2022-09-22,42.233428955078125,42.5804443359375,43.54062271118164,34.15732955932617
2022-09-23,41.08168411254883,42.67506408691406,41.39985275268555,33.280242919921875
2022-09-26,40.47296905517578,42.438507080078125,41.858272552490234,33.6054573059082
2022-09-27,39.50953674316406,42.62775421142578,42.58818435668945,34.02922058105469
2022-09-28,37.96804428100586,42.91162109375,41.97843551635742,33.132415771484375
2022-09-29,37.25422286987305,42.53313446044922,42.107513427734375,31.32895851135254
2022-09-30,38.191383361816406,43.43205261230469,42.97093963623047,31.777360916137695
2022-10-03,38.43224334716797,43.71592330932617,44.29277420043945,32.250404357910156
2022-10-04,39.829219818115234,44.756778717041016,45.6724739074707,33.97502136230469
2022-10-05,38.63806915283203,44.04710006713867,46.17094802856445,34.47761917114258
2022-10-06,38.21765899658203,44.614845275878906,45.63686752319336,35.034427642822266
2022-10-07,38.20014572143555,44.614845275878906,46.820735931396484,33.176761627197266
2022-10-10,38.349037170410156,44.236351013183594,45.84159851074219,32.516483306884766
2022-10-11,37.45567321777344,44.567527770996094,44.89806365966797,31.51620101928711
2022-10-12,37.08781433105469,44.283660888671875,44.28832244873047,31.32402992248535
2022-10-13,38.04686737060547,44.66215515136719,45.66357421875,32.0434455871582
2022-10-14,38.58989715576172,45.22989273071289,46.464691162109375,31.53590965270996
2022-10-17,39.74601745605469,45.89225769042969,47.16788864135742,32.1124267578125
2022-10-18,40.43793487548828,46.885799407958984,46.39348220825195,32.32923889160156
2022-10-19,40.214595794677734,47.02773666381836,46.82963943481445,32.32923889160156
2022-10-20,40.63500213623047,46.50730895996094,47.14118194580078,33.10285186767578
2022-10-21,40.621864318847656,46.554622650146484,47.15009307861328,32.83184051513672
2022-10-24,41.13423538208008,47.07504653930664,47.621849060058594,33.56110763549805
2022-10-25,41.45830154418945,48.06858825683594,47.399330139160156,34.66979217529297
2022-10-26,41.3663330078125,47.5008544921875,47.1055793762207,34.43326950073242
2022-10-27,41.51523208618164,46.459991455078125,48.49418258666992,32.03358840942383
2022-10-28,41.41450881958008,45.79763412475586,48.59209442138672,31.32402992248535
2022-10-31,41.59843444824219,46.36537170410156,49.046058654785156,31.141714096069336
2022-11-01,41.900604248046875,45.9395637512207,50.29224395751953,31.353595733642578
2022-11-02,41.935638427734375,45.22989273071289,50.05190658569336,30.934755325317383
2022-11-03,43.253787994384766,44.99333190917969,50.630489349365234,30.46171760559082
2022-11-04,44.34422302246094,45.27720642089844,51.41379928588867,31.442289352416992
2022-11-07,44.39677047729492,46.081504821777344,51.76984786987305,31.634462356567383
2022-11-08,44.39677047729492,47.5008544921875,50.86192321777344,33.02401351928711
2022-11-09,44.02015686035156,47.5008544921875,50.479164123535156,32.698795318603516
2022-11-10,44.53690719604492,47.690101623535156,50.31004333496094,35.25123596191406
2022-11-11,45.333927154541016,48.63633346557617,50.763999938964844,35.359642028808594
2022-11-14,45.701786041259766,49.58256530761719,50.66609191894531,36.438758850097656
2022-11-15,45.95578384399414,50.150299072265625,51.43159866333008,37.08426284790039
2022-11-16,45.62295913696289,49.01482009887695,51.841064453125,36.14803695678711
2022-11-17,45.990814208984375,49.487937927246094,51.12005615234375,36.17267990112305
2022-11-18,46.691497802734375,49.58256530761719,51.09334945678711,36.458473205566406
2022-11-21,46.087158203125,50.81266403198242,49.5178337097168,36.40919494628906
2022-11-22,45.929508209228516,49.58256530761719,51.68974304199219,36.433834075927734
2022-11-23,46.192264556884766,49.96105194091797,51.28028106689453,36.83295440673828
2022-11-24,46.621429443359375,50.623416900634766,51.46720504760742,36.8773078918457
2022-11-25,46.709014892578125,51.47502899169922,52.01908493041992,36.65064239501953
2022-11-28,46.24481201171875,51.00191116333008,51.3960075378418,35.82282638549805
2022-11-29,46.91921615600586,50.718040466308594,52.46415710449219,35.23152542114258
2022-11-30,46.79659652709961,51.66427230834961,53.683631896972656,35.532100677490234
2022-12-01,46.09592056274414,52.23200988769531,52.757896423339844,36.350067138671875
2022-12-02,46.201019287109375,52.23200988769531,52.41964340209961,36.162818908691406
2022-12-05,45.82440185546875,51.380401611328125,52.303924560546875,36.10861587524414
2022-12-06,45.947025299072266,51.66427230834961,52.26770782470703,35.709495544433594
2022-12-07,45.54413604736328,51.56964874267578,51.19917297363281,35.1428337097168
2022-12-08,45.54413604736328,51.75889587402344,51.443668365478516,35.8967399597168
2022-12-09,46.323638916015625,51.853515625,50.9727897644043,36.359920501708984
2022-12-12,46.139713287353516,51.47502899169922,51.2716178894043,36.02924346923828
2022-12-13,46.97176742553711,52.79975128173828,52.42164993286133,37.263118743896484
2022-12-14,46.86666488647461,53.27286911010742,52.05037307739258,36.7448844909668
2022-12-15,45.255104064941406,53.17824172973633,51.09955978393555,34.95330047607422
2022-12-16,46.01708984375,53.36749267578125,50.40229797363281,34.48936080932617
2022-12-19,45.719303131103516,53.65135955810547,51.29877853393555,34.20310592651367
2022-12-20,46.367431640625,53.36749267578125,51.88737869262695,34.10438919067383
2022-12-21,47.313350677490234,54.502967834472656,53.417747497558594,34.66703796386719
2022-12-22,47.12942123413086,54.40834426879883,53.42679977416992,33.4627799987793
2022-12-23,47.120662689208984,54.313724517822266,53.61695861816406,33.17157745361328
2022-12-27,47.295833587646484,54.502967834472656,53.997283935546875,32.816219329833984
2022-12-28,46.91046142578125,55.07070541381836,53.76184844970703,32.386837005615234
2022-12-29,47.21700668334961,55.35457992553711,53.770904541015625,33.07780838012695
2022-12-30,46.63894271850586,55.35457992553711,53.109859466552734,32.5694465637207
2023-01-02,48.11037063598633,55.827693939208984,54.99747848510742,32.98402786254883
2023-01-03,49.0562858581543,55.92231369018555,54.04450607299805,33.09754943847656
2023-01-04,51.07073974609375,56.39543151855469,52.77998352050781,33.9316520690918
2023-01-05,51.333492279052734,56.67930221557617,53.091529846191406,34.119197845458984
2023-01-06,51.771419525146484,56.490055084228516,53.76960754394531,34.98785400390625
2023-01-09,51.69259262084961,54.97608184814453,53.439735412597656,36.794246673583984
2023-01-10,51.10577392578125,54.502967834472656,53.5222053527832,36.64124298095703
2023-01-11,51.32473373413086,55.07070541381836,53.87040328979492,36.87321853637695
2023-01-12,52.270652770996094,56.2061882019043,54.47517395019531,36.95711898803711
2023-01-13,52.428306579589844,57.15242004394531,54.731746673583984,37.36676025390625
2023-01-16,52.165550231933594,57.720157623291016,54.41102981567383,37.48028564453125
2023-01-17,52.104244232177734,57.90940475463867,54.61262130737305,38.22554016113281
2023-01-18,52.235618591308594,57.81477737426758,54.61262130737305,39.000423431396484
2023-01-19,51.58749008178711,58.09865188598633,53.45806121826172,37.554317474365234
2023-01-20,52.24437713623047,56.300811767578125,53.92538070678711,37.564186096191406
2023-01-23,52.72609329223633,56.490055084228516,54.246089935302734,38.55128860473633
2023-01-24,53.20781326293945,56.96316909790039,53.77877426147461,38.59077453613281
2023-01-25,53.41801452636719,56.490055084228516,53.503868103027344,38.94119644165039
2023-01-26,54.066139221191406,56.2061882019043,53.61383056640625,42.12953567504883
2023-01-27,54.328895568847656,56.2061882019043,53.71462631225586,43.12650680541992
2023-01-30,54.398963928222656,56.1115608215332,53.06404495239258,43.01299285888672
2023-01-31,55.090885162353516,56.300811767578125,52.21186065673828,42.55398941040039
2023-02-01,55.344879150390625,57.3416633605957,51.28638458251953,43.694087982177734
2023-02-02,53.9522819519043,57.4362907409668,50.56249237060547,44.92797088623047
2023-02-03,54.0573844909668,58.193275451660156,51.634578704833984,45.51530075073242
2023-02-06,53.20781326293945,58.004024505615234,51.002323150634766,44.53313064575195
2023-02-07,54.60041046142578,57.81477737426758,52.72500228881836,44.68119430541992
2023-02-08,55.92293930053711,58.004024505615234,51.71704864501953,44.60222625732422
2023-02-09,56.41341781616211,58.477142333984375,53.00905990600586,45.54985046386719
2023-02-10,55.695220947265625,57.3416633605957,54.383541107177734,44.35051345825195
2023-02-13,55.458744049072266,57.720157623291016,54.55764389038086,44.799644470214844
2023-02-14,56.38713836669922,58.28789520263672,54.96082305908203,45.01681137084961
2023-02-15,56.229488372802734,58.477142333984375,54.97915267944336,45.57452392578125
2023-02-16,57.6308479309082,55.16533279418945,54.92416763305664,45.93975067138672
2023-02-17,57.306785583496094,54.69221496582031,53.751285552978516,45.31294250488281
2023-02-20,57.36809158325195,54.21910095214844,53.989524841308594,44.799644470214844
2023-02-21,57.28050994873047,53.27286911010742,53.73295593261719,44.43442153930664
2023-02-22,56.019283294677734,53.27286911010742,53.51304244995117,44.0247688293457
2023-02-23,56.746238708496094,54.029850006103516,54.16362380981445,44.63677215576172
2023-02-24,55.95797348022461,54.124473571777344,53.32061004638672,44.03464889526367
2023-02-27,57.33305740356445,55.07070541381836,54.26441955566406,44.94771957397461
2023-02-28,57.93739700317383,54.97608184814453,53.6688117980957,44.83913040161133
2023-03-01,55.52880859375,56.2061882019043,53.12818145751953,45.11552047729492
2023-03-02,55.502532958984375,56.96316909790039,54.172786712646484,43.65460968017578
2023-03-03,56.28204345703125,57.62553405761719,54.071990966796875,44.720680236816406
2023-03-06,56.877620697021484,57.24704360961914,54.33772277832031,45.224098205566406
2023-03-07,55.984249114990234,56.584678649902344,54.06283187866211,44.40481185913086
2023-03-08,56.054317474365234,56.77392578125,53.97119903564453,45.89039993286133
2023-03-09,54.86316680908203,55.827693939208984,53.58634567260742,46.43330764770508
2023-03-10,52.7698860168457,54.69221496582031,53.18316650390625,45.663360595703125
2023-03-13,49.17890548706055,52.79975128173828,50.525840759277344,43.827354431152344
2023-03-14,50.69412612915039,54.029850006103516,51.72621536254883,45.27345275878906
2023-03-15,45.57040786743164,52.421260833740234,48.81232452392578,43.55590057373047
2023-03-16,46.16598892211914,53.36749267578125,48.84897232055664,44.68119430541992
2023-03-17,45.26386260986328,52.89437484741211,48.693199157714844,44.834190368652344
2023-03-20,46.034610748291016,53.840606689453125,49.35295867919922,44.85396194458008
2023-03-21,47.94396209716797,54.597591400146484,50.58998107910156,45.32345962524414
2023-03-22,47.707481384277344,54.502967834472656,50.5064697265625,45.84730911254883
2023-03-23,46.66522216796875,54.69221496582031,49.578556060791016,46.63804244995117
2023-03-24,44.20408630371094,52.70512771606445,48.0753288269043,44.87867736816406
2023-03-27,45.360206604003906,53.93522644042969,48.37226486206055,45.313575744628906
2023-03-28,45.517860412597656,53.46211242675781,49.65278625488281,43.99404525756836
2023-03-29,46.74404525756836,54.21910095214844,49.95899963378906,46.811012268066406
2023-03-30,47.76002883911133,54.313724517822266,50.48790740966797,48.04158020019531
2023-03-31,48.35560607910156,54.029850006103516,50.44151306152344,48.38752365112305
2023-04-03,48.87236022949219,53.65135955810547,53.41084671020508,47.81425094604492
2023-04-04,49.34531784057617,53.46211242675781,52.64067077636719,47.018577575683594
2023-04-05,48.89863586425781,52.941688537597656,53.021121978759766,45.14059829711914
2023-04-06,50.12482452392578,52.941688537597656,53.355167388916016,45.40253448486328
2023-04-11,49.853309631347656,52.326637268066406,54.236690521240234,45.90167236328125
2023-04-12,49.98468780517578,52.137386322021484,54.2459716796875,45.10107421875
2023-04-13,50.39633560180664,52.23200988769531,54.03255081176758,45.817665100097656
2023-04-14,52.01665496826172,52.0900764465332,54.48722839355469,45.53596496582031
2023-04-17,50.96563720703125,52.326637268066406,54.49650192260742,45.20485305786133
2023-04-18,52.034175872802734,52.89437484741211,54.422279357910156,45.486549377441406
2023-04-19,52.200584411621094,52.56319046020508,53.88407897949219,44.532737731933594
2023-04-20,51.543697357177734,52.0900764465332,53.429405212402344,42.86726760864258
2023-04-21,51.37728500366211,45.210968017578125,53.54075622558594,42.7091178894043
2023-04-24,51.79769515991211,46.781715393066406,54.01398849487305,41.9134521484375
2023-04-25,50.562747955322266,46.554622650146484,53.494361877441406,41.399471282958984
2023-04-26,50.457645416259766,46.497840881347656,54.19029235839844,41.809669494628906
2023-04-27,51.447357177734375,46.66816711425781,52.77058029174805,38.162445068359375
2023-04-28,51.31597900390625,46.51676940917969,53.76345443725586,38.11796188354492
2023-05-02,49.888343811035156,46.38429641723633,51.035377502441406,38.70112228393555
2023-05-03,49.30152893066406,46.51676940917969,50.692054748535156,38.02900695800781
2023-05-04,48.99497604370117,45.7219352722168,50.71988296508789,37.139442443847656
2023-05-05,50.702880859375,46.47891616821289,52.083927154541016,38.122901916503906
2023-05-08,51.053226470947266,46.706016540527344,52.14888000488281,38.26128387451172
2023-05-09,51.16707992553711,46.57354736328125,51.45294189453125,38.18714904785156
2023-05-10,50.729156494140625,46.081504821777344,51.58285140991211,38.68629837036133
2023-05-11,50.229923248291016,46.270748138427734,50.91475296020508,37.80661392211914
2023-05-12,51.2283935546875,45.96795654296875,51.74059295654297,38.52320861816406
2023-05-15,51.35976791381836,45.19204330444336,51.85194396972656,38.325531005859375
2023-05-16,51.17584228515625,44.96495056152344,51.16529083251953,39.04212188720703
2023-05-17,51.35101318359375,44.624305725097656,51.21168518066406,39.2645149230957
2023-05-18,52.235618591308594,44.73785400390625,51.675636291503906,40.673004150390625
2023-05-19,52.41954803466797,45.021724700927734,52.07463836669922,41.05353546142578
2023-05-22,53.693729400634766,45.210968017578125,51.88906478881836,41.35499954223633
2023-05-23,53.47824478149414,45.0595703125,52.90977096557617,41.05847930908203
2023-05-24,52.503868103027344,44.283660888671875,52.76130676269531,38.849388122558594
2023-05-25,52.635032653808594,43.810546875,51.035377502441406,38.720890045166016
2023-05-26,52.756832122802734,44.01871871948242,51.74059295654297,40.20845031738281
2023-05-29,52.560081481933594,43.810546875,51.7127571105957,39.729068756103516
2023-05-30,51.80119323730469,43.67807388305664,49.94043731689453,40.18867492675781
2023-05-31,50.601959228515625,43.318504333496094,49.2537841796875,40.12443542480469
2023-06-01,51.032936096191406,45.49483871459961,49.91260528564453,41.28581237792969
2023-06-02,52.91610336303711,44.20796585083008,51.2024040222168,41.52302551269531
2023-06-05,52.39143753051758,43.84839630126953,50.89619445800781,41.11778259277344
2023-06-06,52.906734466552734,44.30258560180664,50.422950744628906,41.26110076904297
2023-06-07,53.17843246459961,44.41613006591797,50.84051513671875,42.585567474365234
2023-06-08,53.41265869140625,44.870323181152344,51.063209533691406,43.04023742675781
2023-06-09,52.53197479248047,44.77570343017578,50.98898696899414,43.58880615234375
2023-06-12,52.869258880615234,45.684085845947266,50.06106948852539,44.88855743408203
2023-06-13,53.103485107421875,45.684085845947266,50.25593185424805,45.10107421875
2023-06-14,53.890480041503906,46.64924240112305,50.023956298828125,45.62491989135742
2023-06-15,52.738094329833984,48.352455139160156,49.87548065185547,44.95774459838867
2023-06-16,53.000423431396484,50.008365631103516,49.921878814697266,45.07635498046875
2023-06-19,53.22528076171875,49.58256530761719,49.93115997314453,44.47837448120117
2023-06-20,53.150325775146484,48.4943962097168,49.3280143737793,44.04841613769531
2023-06-21,53.44076919555664,48.8255729675293,50.67366409301758,43.04023742675781
2023-06-22,52.20405960083008,47.92665481567383,49.41270446777344,43.20332336425781
2023-06-23,51.388954162597656,47.92665481567383,48.979835510253906,42.14078140258789
2023-06-26,51.74497604370117,47.046661376953125,49.46916580200195,43.08604049682617
2023-06-27,52.15721130371094,47.40622329711914,48.93278884887695,42.635684967041016
2023-06-28,52.33522415161133,48.21052551269531,48.95160675048828,43.88283157348633
2023-06-29,53.20654296875,47.73740768432617,48.86691665649414,44.150081634521484
2023-06-30,54.07786178588867,48.21052551269531,49.450347900390625,45.10028839111328
2023-07-03,54.74305725097656,48.15220642089844,50.34431076049805,45.293296813964844
2023-07-04,54.23713302612305,48.28828430175781,50.466644287109375,45.10028839111328
2023-07-05,53.72183609008789,47.68565368652344,49.59149932861328,44.90727615356445
2023-07-06,51.30463409423828,47.2385368347168,47.5965461730957,42.605987548828125
2023-07-07,51.64191818237305,47.37461853027344,48.085872650146484,43.35328674316406
2023-07-10,51.85740661621094,47.43293762207031,48.20820617675781,43.65517807006836
2023-07-11,52.616294860839844,47.76341247558594,48.923377990722656,43.952117919921875
2023-07-12,53.122222900390625,48.07444763183594,49.46916580200195,46.01090621948242
2023-07-13,53.41265869140625,47.97724914550781,49.535037994384766,46.68892288208008
2023-07-14,53.07537841796875,48.05500793457031,48.255252838134766,46.847286224365234
2023-07-17,53.131587982177734,48.01612854003906,47.95412826538086,46.33259582519531
2023-07-18,53.97480010986328,49.27971267700195,48.51874542236328,46.317745208740234
2023-07-19,54.30271530151367,49.328311920166016,49.23391342163086,46.45631790161133
2023-07-20,54.38703536987305,48.745121002197266,50.156105041503906,45.75355529785156
2023-07-21,54.34955978393555,47.80229187011719,50.8054084777832,45.24380874633789
2023-07-24,54.68684387207031,47.5495719909668,51.55821990966797,45.2042121887207
2023-07-25,54.89296340942383,47.29685974121094,51.134761810302734,46.30784606933594
2023-07-26,54.45261764526367,43.836585998535156,50.68307876586914,45.857486724853516
2023-07-27,56.073455810546875,43.292274475097656,51.11594009399414,49.94536590576172
2023-07-28,56.382633209228516,44.225379943847656,51.22886276245117,47.90142822265625
2023-07-31,56.23272705078125,44.186500549316406,52.00049591064453,48.12908172607422
2023-08-01,55.18340301513672,43.836585998535156,51.38883590698242,48.040000915527344
2023-08-02,53.97480010986328,43.93378829956055,49.977317810058594,47.416419982910156
2023-08-03,54.61189270019531,44.41978073120117,50.90892028808594,46.124732971191406
2023-08-04,55.54879379272461,44.82801055908203,52.292213439941406,44.936973571777344
2023-08-07,55.79238510131836,44.92521286010742,52.16046905517578,44.51136016845703
2023-08-08,54.115333557128906,44.40034103393555,51.906394958496094,43.93231964111328
2023-08-09,54.85548400878906,44.26426315307617,53.675506591796875,43.679927825927734
2023-08-10,56.495059967041016,44.186500549316406,54.40949249267578,44.036251068115234
2023-08-11,55.79238510131836,44.08930587768555,53.79783630371094,42.714866638183594
2023-08-14,55.9141845703125,44.342018127441406,53.24264144897461,43.09098815917969
2023-08-15,55.07097244262695,44.53641891479492,52.79094696044922,42.80889892578125
2023-08-16,54.78990173339844,43.89490509033203,52.99797439575195,42.6752815246582
2023-08-17,54.92106628417969,43.70050811767578,53.412017822265625,41.87848663330078
2023-08-18,54.54631042480469,43.253395080566406,53.647274017333984,41.72011947631836
2023-08-21,54.65873718261719,43.58386993408203,54.19306182861328,42.12098693847656
2023-08-22,54.85548400878906,43.447792053222656,54.56005859375,43.1602783203125
2023-08-23,54.81800842285156,43.370033264160156,53.60963439941406,43.14543151855469
2023-08-24,54.75242614746094,43.42835235595703,53.79783630371094,42.076446533203125
2023-08-25,54.63063049316406,43.564430236816406,53.93899154663086,42.00716018676758
2023-08-28,55.745540618896484,43.681068420410156,54.47536849975586,42.729713439941406
2023-08-29,56.12030029296875,44.069862365722656,54.44713592529297,43.66508102416992
2023-08-30,56.1015625,44.41978073120117,54.52241516113281,43.224613189697266
2023-08-31,55.94228744506836,44.92521286010742,54.64474868774414,43.219669342041016
2023-09-01,55.82986068725586,45.48896408081055,55.4163818359375,43.11079025268555
2023-09-04,55.68932342529297,45.33344650268555,55.256412506103516,43.03160095214844
2023-09-05,55.64248275756836,45.08073043823242,56.36681365966797,43.046451568603516
2023-09-06,54.90232849121094,45.6056022644043,55.99980926513672,42.40803527832031
2023-09-07,54.87422180175781,45.35288619995117,56.347991943359375,40.66598129272461
2023-09-08,54.74305725097656,45.8388786315918,56.81849670410156,40.95797348022461
2023-09-11,55.75490951538086,45.89719772338867,57.15726089477539,40.661033630371094
2023-09-12,56.092193603515625,45.3723258972168,57.67481994628906,40.85404586791992
2023-09-13,56.110931396484375,44.7502555847168,57.61835479736328,40.893638610839844
2023-09-14,57.43196105957031,44.497535705566406,58.60641860961914,41.31924819946289
2023-09-15,57.58186340332031,44.71137619018555,58.69111251831055,40.91838073730469
2023-09-18,56.31705093383789,45.04185104370117,58.33353042602539,40.29389953613281
2023-09-19,57.25394821166992,44.5947380065918,59.32159423828125,40.090694427490234
2023-09-20,58.15337371826172,44.186500549316406,59.312076568603516,40.34841537475586
2023-09-21,57.7598762512207,43.54499053955078,58.92167663574219,40.02626419067383
2023-09-22,56.90729904174805,43.54499053955078,58.95024108886719,39.917232513427734
2023-09-25,56.607486724853516,43.54499053955078,59.15972137451172,39.98661422729492
2023-09-26,56.42947769165039,41.950931549072266,58.95024108886719,39.38691711425781
2023-09-27,56.31705093383789,41.173343658447266,59.92147445678711,39.47117233276367
2023-09-28,56.654335021972656,41.017826080322266,60.5784912109375,40.150169372558594
2023-09-29,56.616859436035156,42.320289611816406,59.331119537353516,40.6259651184082
2023-10-02,55.92354965209961,41.795413970947266,58.607452392578125,40.690391540527344
2023-10-03,55.0897102355957,40.706790924072266,58.35035705566406,40.00148391723633
2023-10-04,54.9398078918457,41.05670928955078,57.21725082397461,40.83907699584961
2023-10-05,55.46446990966797,40.978946685791016,56.91254806518555,40.6259651184082
2023-10-06,56.19525146484375,41.42605972290039,57.455299377441406,41.686588287353516
2023-10-09,55.30519485473633,41.095584869384766,58.455101013183594,41.22071075439453
2023-10-10,56.054718017578125,42.320289611816406,58.93119812011719,42.296199798583984
2023-10-11,56.438846588134766,41.659339904785156,58.740760803222656,42.00874328613281
2023-10-12,55.68932342529297,42.72852325439453,59.19780731201172,42.06325912475586
2023-10-13,54.002906799316406,42.45636749267578,60.150001525878906,40.79943084716797
2023-10-16,54.1809196472168,42.475807189941406,60.045265197753906,40.908470153808594
2023-10-17,54.040382385253906,42.45636749267578,60.159523010253906,40.298851013183594
2023-10-18,53.693729400634766,42.45636749267578,60.73084259033203,39.505859375
2023-10-19,53.131587982177734,42.30084991455078,60.3023567199707,38.59392547607422
2023-10-20,52.05415725708008,41.387184143066406,59.57868957519531,37.409393310546875
2023-10-23,52.58818817138672,41.328861236572266,59.32159423828125,37.48373031616211
2023-10-24,52.3820686340332,41.30942153930664,59.06450271606445,37.102108001708984
2023-10-25,52.635032653808594,40.667911529541016,59.22637939453125,36.79977798461914
2023-10-26,51.26716232299805,43.9726676940918,59.49298858642578,38.61375045776367
2023-10-27,51.220314025878906,43.836585998535156,59.98813247680664,37.211143493652344
2023-10-30,50.33026123046875,45.10017013549805,59.978607177734375,34.95606994628906
2023-10-31,50.86429214477539,44.57529830932617,60.17856979370117,35.66480255126953
2023-11-01,50.96735382080078,44.01154327392578,60.5880126953125,35.81844711303711
2023-11-02,52.05415725708008,45.9943962097168,61.50210952758789,37.389564514160156
2023-11-03,53.06600570678711,46.53871154785156,59.350162506103516,38.083431243896484
2023-11-06,53.22528076171875,46.01383590698242,59.66438674926758,37.76128387451172
2023-11-07,52.41954803466797,46.07215881347656,58.31227493286133,37.95457458496094
2023-11-08,52.560081481933594,45.79999923706055,57.874263763427734,37.96448516845703
2023-11-09,52.55071258544922,46.55815124511719,58.426536560058594,38.222206115722656
2023-11-10,52.10100173950195,45.93607711791992,59.07402801513672,38.27672576904297
2023-11-13,52.2696418762207,45.41120529174805,59.788169860839844,38.331241607666016
2023-11-14,52.47575759887695,47.37461853027344,59.55012130737305,39.7933235168457
2023-11-15,52.81304168701172,47.31629943847656,59.61677551269531,41.9046630859375
2023-11-16,52.55071258544922,47.27742004394531,58.045658111572266,41.42886734008789
2023-11-17,53.150325775146484,48.13276672363281,58.85502624511719,41.5577278137207
2023-11-20,53.215911865234375,48.56044006347656,59.98813247680664,41.830318450927734
2023-11-21,52.89736557006836,48.647918701171875,59.94052505493164,41.047237396240234
2023-11-22,53.009796142578125,48.79372024536133,58.893104553222656,41.38425827026367
2023-11-23,53.309600830078125,48.17164611816406,59.80721664428711,41.230621337890625
2023-11-24,53.431396484375,48.647918701171875,60.12144088745117,41.448692321777344
2023-11-27,52.859886169433594,48.17164611816406,59.85482406616211,41.255401611328125
2023-11-28,52.91610336303711,47.99668884277344,60.169044494628906,41.473472595214844
2023-11-29,53.328338623046875,48.40492248535156,58.731239318847656,42.65800476074219
2023-11-30,54.12470245361328,48.03556823730469,59.28350830078125,43.07432556152344
2023-12-01,54.152809143066406,49.18251037597656,59.378726959228516,43.3469123840332
2023-12-04,54.78053665161133,48.69651794433594,58.455101013183594,42.9851188659668
2023-12-05,55.989131927490234,50.73768997192383,58.436058044433594,43.66410827636719
2023-12-06,56.83234405517578,50.2516975402832,57.75048065185547,44.15972900390625
2023-12-07,57.25394821166992,50.39749526977539,57.76952362060547,43.46091079711914
2023-12-08,57.9472541809082,51.175086975097656,58.94071578979492,43.99617385864258
2023-12-11,57.31953430175781,51.709678649902344,59.00737380981445,44.16987991333008
2023-12-12,56.98224639892578,51.46668243408203,58.378929138183594,44.2095832824707
2023-12-13,56.50442886352539,51.952674865722656,58.426536560058594,43.94158935546875
2023-12-14,58.912261962890625,52.535865783691406,58.47414779663086,45.25675964355469
2023-12-15,59.109012603759766,53.16765594482422,58.683631896972656,46.467708587646484
2023-12-18,58.453182220458984,53.84804916381836,59.369205474853516,45.172386169433594
2023-12-19,58.359493255615234,54.47983932495117,59.02641677856445,45.48008728027344
2023-12-20,58.893524169921875,54.86863327026367,59.178768157958984,45.49993896484375
2023-12-21,58.912261962890625,55.3060302734375,59.03594207763672,45.187278747558594
2023-12-22,59.0340576171875,55.45182418823242,59.32159423828125,45.17735290527344
2023-12-27,59.015323638916016,55.500423431396484,59.483463287353516,45.331199645996094
2023-12-28,58.509395599365234,55.16022872924805,58.47414779663086,45.172386169433594
2023-12-29,58.640560150146484,55.16022872924805,58.655059814453125,44.90935516357422
2024-01-02,59.36197280883789,55.06303024291992,59.74412155151367,44.249290466308594
2024-01-03,57.77861022949219,55.20882797241211,59.50318145751953,42.7207145690918
2024-01-04,58.94036865234375,54.47983932495117,60.216365814208984,41.0333251953125
2024-01-05,59.024688720703125,54.9658317565918,60.23564147949219,40.700809478759766
2024-01-08,59.15585708618164,56.375213623046875,58.35628890991211,40.97873306274414
2024-01-09,58.67803955078125,56.8612060546875,57.94186782836914,40.3980712890625
2024-01-10,58.490657806396484,56.90980529785156,57.604549407958984,39.99607467651367
2024-01-11,56.96350860595703,56.666805267333984,57.32505416870117,39.633785247802734
2024-01-12,56.99161911010742,58.027587890625,57.961143493652344,39.42534255981445
2024-01-15,57.2633171081543,57.78459167480469,57.76839065551758,39.33600997924805
2024-01-16,56.916664123535156,57.152801513671875,57.42143630981445,39.52460479736328
2024-01-17,56.438846588134766,57.6387939453125,56.14925765991211,38.591575622558594
2024-01-18,56.83234405517578,57.78459167480469,56.39019775390625,40.02089309692383
2024-01-19,56.785499572753906,57.00700378417969,56.16853332519531,40.21940994262695
2024-01-22,57.64744567871094,58.319183349609375,55.65773391723633,41.25168991088867
2024-01-23,57.31016159057617,59.193973541259766,56.01432800292969,42.035831451416016
2024-01-24,58.07842254638672,60.06875991821289,56.72751998901367,42.29390335083008
2024-01-25,57.79734802246094,59.33977127075195,56.804622650146484,42.090423583984375
2024-01-26,58.603084564208984,59.33977127075195,57.459983825683594,40.99361801147461
2024-01-29,58.125267028808594,58.85377502441406,58.02861022949219,40.646217346191406
2024-01-30,58.275169372558594,59.777164459228516,58.24063491821289,40.78517532348633
2024-01-31,58.603084564208984,59.14537048339844,57.92258834838867,40.61147689819336
2024-02-01,53.20654296875,58.95097732543945,58.38520812988281,40.209476470947266
2024-02-02,52.522605895996094,59.67996597290039,57.633460998535156,39.89185333251953
2024-02-05,52.560081481933594,59.777164459228516,57.07447814941406,40.89435958862305
2024-02-06,51.60444641113281,60.651954650878906,58.11534881591797,40.59162521362305
2024-02-07,51.34210968017578,60.06875991821289,56.27454376220703,40.12511444091797
2024-02-08,51.09851837158203,60.360355377197266,57.035926818847656,41.54946517944336
2024-02-09,50.06792449951172,60.3117561340332,57.55636215209961,42.38819885253906
2024-02-12,50.751861572265625,60.60335159301758,57.65273666381836,42.884490966796875
2024-02-13,50.433319091796875,59.48556900024414,58.11534881591797,41.37080383300781
2024-02-14,50.51763916015625,60.16596221923828,58.23099899291992,41.38569259643555
2024-02-15,50.601959228515625,61.13794708251953,57.58527374267578,41.827388763427734
2024-02-16,50.94861602783203,61.186546325683594,57.7202033996582,42.24923324584961
2024-02-19,51.314002990722656,59.9229621887207,57.52745056152344,41.45020294189453
2024-02-20,51.99794006347656,58.95097732543945,56.4769401550293,40.64125061035156
2024-02-21,52.372703552246094,58.51358413696289,56.785343170166016,40.690879821777344
2024-02-22,52.67251205444336,60.89495086669922,56.98773956298828,41.89190673828125
2024-02-23,52.831783294677734,60.94355010986328,57.49853515625,41.23680114746094
2024-02-26,51.84803771972656,62.49872970581055,57.045562744140625,41.073028564453125
2024-02-27,52.09162902832031,62.98472213745117,57.34433364868164,42.735599517822266
2024-02-28,51.95109558105469,61.964134216308594,57.24795913696289,41.3807258605957
2024-02-29,51.88551330566406,62.6445198059082,56.852813720703125,41.41546630859375
2024-03-01,52.60692596435547,62.59592819213867,57.633460998535156,42.96885681152344
2024-03-04,53.656253814697266,62.790321350097656,57.23831558227539,42.58671188354492
2024-03-05,53.62814712524414,63.130516052246094,57.01665115356445,42.090423583984375
2024-03-06,53.656253814697266,62.59592819213867,57.806941986083984,42.58175277709961
2024-03-07,54.70558166503906,62.98472213745117,57.749114990234375,44.070621490478516
2024-03-08,55.211509704589844,62.790321350097656,57.87440490722656,43.132633209228516
2024-03-11,55.323936462402344,61.332340240478516,57.951507568359375,43.241817474365234
2024-03-12,55.94228744506836,62.158531188964844,58.47194290161133,43.9763298034668
2024-03-13,57.10404586791992,62.10993194580078,59.50318145751953,43.16737365722656
2024-03-14,56.44821548461914,62.547325134277344,60.43803787231445,42.55693435668945
2024-03-15,57.34763717651367,62.352928161621094,60.216365814208984,41.09287643432617
2024-03-18,57.48817443847656,62.40152359008789,60.36093521118164,40.97359848022461
2024-03-19,58.087791442871094,63.27631378173828,61.97043228149414,39.76089096069336
2024-03-20,58.02220916748047,61.86693572998047,61.61943054199219,39.6962776184082
2024-03-21,58.68740463256836,62.69312286376953,61.346431732177734,40.27280807495117
2024-03-22,58.837310791015625,62.40152359008789,61.27818298339844,39.71615982055664
2024-03-25,58.546871185302734,62.88751983642578,61.648677825927734,39.656517028808594
2024-03-26,60.25202560424805,63.85950469970703,61.40493392944336,39.606815338134766
2024-03-27,60.58930969238281,63.4707145690918,61.463436126708984,40.18832015991211
2024-03-28,61.7042236328125,63.519309997558594,61.88268280029297,39.681365966796875
2024-04-02,61.29198455810547,62.69312286376953,64.3104019165039,38.70722579956055
2024-04-03,62.33194351196289,64.05390930175781,64.99290466308594,39.08992385864258
2024-04-04,62.92219543457031,64.00530242919922,65.3731460571289,39.184356689453125
2024-04-05,62.35068893432617,63.95671081542969,65.12940216064453,38.30464553833008
2024-04-08,62.762916564941406,64.39409637451172,66.23114013671875,38.8414192199707
2024-04-09,62.43500518798828,64.97728729248047,65.71439361572266,39.35334014892578
2024-04-10,62.51932907104492,64.63710021972656,66.37738800048828,39.19926834106445
2024-04-11,61.376312255859375,64.34549713134766,66.00688934326172,39.184356689453125
2024-04-12,61.235774993896484,63.85950469970703,67.36212158203125,38.786746978759766
2024-04-15,61.61989974975586,64.39409637451172,66.58213806152344,38.582969665527344
2024-04-16,59.80231857299805,63.85950469970703,65.56814575195312,37.76290512084961
2024-04-17,60.10212707519531,64.24829864501953,65.9678955078125,37.81260681152344
2024-04-18,61.329463958740234,64.73429107666016,65.73389434814453,37.35038757324219
2024-04-19,61.30135726928711,59.67996597290039,65.5973892211914,36.49055480957031
2024-04-22,62.4162712097168,60.26315689086914,66.20188903808594,36.475643157958984
2024-04-23,63.756038665771484,61.0893440246582,66.2116470336914,36.99253463745117
2024-04-24,63.45623016357422,61.52674102783203,66.2116470336914,38.98555374145508
2024-04-25,64.04647064208984,60.94355010986328,66.3578872680664,39.42292022705078
2024-04-26,62.78166198730469,61.72113800048828,67.74237823486328,38.43387222290039
2024-04-29,63.44685745239258,61.429542541503906,67.51812744140625,37.92194747924805
2024-04-30,63.34379959106445,61.13794708251953,66.8746337890625,37.41996765136719
2024-05-02,63.19388961791992,61.72113800048828,65.17814636230469,36.048213958740234
2024-05-03,63.37190628051758,61.769737243652344,64.70040893554688,36.982601165771484
2024-05-06,63.924678802490234,61.81833267211914,65.57789611816406,37.00247573852539
2024-05-07,65.2082290649414,62.547325134277344,65.39264678955078,38.085960388183594
2024-05-08,65.52677917480469,63.27631378173828,65.54865264892578,37.24104309082031
2024-05-09,66.15449523925781,63.71371078491211,66.64063262939453,37.370269775390625
2024-05-10,66.70726776123047,62.936119079589844,66.9623794555664,37.42990493774414
2024-05-13,67.1101303100586,63.179115295410156,67.03063201904297,37.55913162231445
2024-05-14,67.00707244873047,62.98472213745117,66.61138916015625,38.19033432006836
2024-05-15,67.22256469726562,62.74172592163086,65.78263854980469,38.746986389160156
2024-05-16,67.09140014648438,65.12309265136719,64.79789733886719,38.62770462036133
2024-05-17,67.74722290039062,65.0744857788086,65.27564239501953,38.09093475341797
2024-05-20,68.30000305175781,65.70628356933594,65.32440185546875,38.46369171142578
2024-05-21,68.33999633789062,65.4632797241211,64.7394027709961,37.45475769042969
2024-05-22,67.5199966430664,65.0744857788086,63.540164947509766,38.59788513183594
2024-05-23,67.08999633789062,65.3660888671875,64.0569076538086,38.6674690246582
2024-05-24,67.20999908447266,65.85208129882812,64.33966064453125,38.42393112182617
2024-05-27,67.05999755859375,66.09507751464844,64.7394027709961,38.1605110168457
2024-05-28,67.79000091552734,64.58849334716797,64.48590850830078,38.29967498779297
2024-05-29,66.93000030517578,63.227718353271484,63.98865509033203,37.26589584350586
2024-05-30,67.79000091552734,63.85950469970703,63.67666244506836,37.55913162231445
2024-05-31,67.69999694824219,64.97728729248047,65.33415222167969,37.62871170043945
2024-06-03,68.05999755859375,65.17169189453125,64.27140045166016,38.07602310180664
2024-06-04,66.83000183105469,64.83148956298828,62.72117233276367,38.81657028198242
2024-06-05,66.2300033569336,64.68569946289062,63.101417541503906,39.98454284667969
2024-06-06,66.8499984741211,64.97728729248047,63.34516525268555,40.97359848022461
2024-06-07,66.37000274658203,64.00530242919922,63.315921783447266,41.15748977661133
2024-06-10,63.209999084472656,63.373512268066406,63.57916259765625,40.99347686767578
2024-06-11,60.75,62.936119079589844,62.49692153930664,40.15850067138672
2024-06-12,61.81999969482422,63.32491683959961,62.34092330932617,41.470611572265625
2024-06-13,60.0,61.86693572998047,60.75168991088867,40.48155212402344
2024-06-14,58.40999984741211,59.971561431884766,59.88394546508789,39.1694450378418
2024-06-17,59.13999938964844,60.26315689086914,60.44944381713867,39.49747085571289
2024-06-18,59.459999084472656,60.749149322509766,61.287933349609375,39.820533752441406
2024-06-19,58.709999084472656,60.554752349853516,61.001590728759766,37.981590270996094
2024-06-20,60.11000061035156,60.749149322509766,61.5249137878418,38.1953010559082
2024-06-21,59.33000183105469,60.06875991821289,60.99171829223633,37.78775405883789
2024-06-24,61.27000045776367,60.70055389404297,61.722389221191406,37.62335205078125
2024-06-25,60.560001373291016,59.777164459228516,62.087730407714844,37.09028625488281
2024-06-26,60.25,58.61077880859375,61.25831604003906,36.70668411254883
2024-06-27,60.02000045776367,58.319183349609375,61.25831604003906,36.1835823059082
2024-06-28,59.529998779296875,57.25,61.54466247558594,36.73159408569336
2024-07-01,61.66999816894531,58.099998474121094,62.80853271484375,36.113834381103516
2024-07-02,61.22999954223633,59.150001525878906,63.203495025634766,36.9507942199707
2024-07-03,62.72999954223633,59.5,64.0131607055664,37.73295211791992
2024-07-04,63.91999816894531,60.70000076293945,64.96106719970703,37.9521598815918
2024-07-05,63.65999984741211,60.95000076293945,64.53648376464844,38.789119720458984
2024-07-08,62.540000915527344,60.79999923706055,63.86505126953125,38.913665771484375
2024-07-09,61.06999969482422,60.25,62.42344665527344,38.07670593261719
2024-07-10,61.619998931884766,59.900001525878906,62.2457160949707,38.8538818359375
2024-07-11,62.02000045776367,60.5,62.02848434448242,38.67951583862305
2024-07-12,62.439998626708984,61.29999923706055,62.69991683959961,39.31222152709961
2024-07-15,62.7400016784668,61.70000076293945,62.482688903808594,38.79907989501953
2024-07-16,62.56999969482422,61.45000076293945,61.515037536621094,38.54002380371094
2024-07-17,63.029998779296875,61.400001525878906,62.038360595703125,38.325801849365234
2024-07-18,63.650001525878906,62.599998474121094,62.99613952636719,37.762847900390625
2024-07-19,63.04999923706055,61.29999923706055,61.93962097167969,36.64191818237305
2024-07-22,64.52999877929688,62.25,62.34445571899414,37.68811798095703
2024-07-23,64.69000244140625,62.5,61.3471794128418,37.05043411254883
2024-07-24,64.08000183105469,62.349998474121094,61.67302322387695,36.900978088378906
2024-07-25,64.55999755859375,57.0,61.1891975402832,31.844341278076172
2024-07-26,64.45999908447266,57.599998474121094,61.3471794128418,30.608829498291016
2024-07-29,63.90999984741211,57.5,60.96209716796875,30.94759750366211
2024-07-30,64.23999786376953,57.54999923706055,61.297813415527344,30.30991554260254
2024-07-31,63.459999084472656,57.150001525878906,61.69276809692383,30.4892635345459
2024-08-01,61.459999084472656,56.849998474121094,61.12995147705078,29.477935791015625
2024-08-02,59.65999984741211,56.099998474121094,60.369651794433594,27.81896209716797
2024-08-05,58.599998474121094,54.95000076293945,58.75031661987305,26.683088302612305
2024-08-06,57.83000183105469,55.0,58.48371887207031,26.513704299926758
2024-08-07,59.459999084472656,56.20000076293945,60.15242385864258,26.742870330810547
2024-08-08,59.41999816894531,55.400001525878906,60.14255142211914,26.653196334838867
2024-08-09,59.25,55.79999923706055,60.57700729370117,26.628286361694336
2024-08-12,59.25,55.599998474121094,60.94234848022461,26.757816314697266
2024-08-13,59.27000045776367,54.79999923706055,60.567134857177734,26.832544326782227
2024-08-14,59.75,55.400001525878906,60.68561935424805,26.797672271728516
2024-08-15,60.470001220703125,55.349998474121094,61.69276809692383,27.440338134765625
2024-08-16,61.119998931884766,55.45000076293945,61.54466247558594,27.684450149536133
2024-08-19,61.36000061035156,55.54999923706055,62.12722396850586,27.81896209716797
2024-08-20,60.90999984741211,55.150001525878906,61.1891975402832,27.704378128051758
2024-08-21,61.18000030517578,55.25,61.3471794128418,28.003292083740234
2024-08-22,61.08000183105469,55.400001525878906,60.843605041503906,27.813982009887695
2024-08-23,61.41999816894531,56.04999923706055,61.376800537109375,28.008275985717773
2024-08-26,61.45000076293945,56.25,62.0679817199707,27.80401611328125
2024-08-27,61.9900016784668,56.150001525878906,61.92974853515625,27.898672103881836
2024-08-28,61.880001068115234,55.95000076293945,61.623653411865234,27.664522171020508
2024-08-29,62.11000061035156,55.599998474121094,61.91987228393555,28.47159194946289
2024-08-30,62.58000183105469,55.599998474121094,61.40642166137695,28.66588592529297
2024-09-02,62.43000030517578,54.95000076293945,61.69276809692383,28.566247940063477
2024-09-03,61.68000030517578,54.0,59.747589111328125,27.26597023010254
2024-09-04,61.91999816894531,53.29999923706055,59.41187286376953,26.942148208618164
2024-09-05,63.61000061035156,53.400001525878906,59.79696273803711,26.53363037109375
2024-09-06,62.18000030517578,52.54999923706055,59.10578155517578,25.726560592651367
2024-09-09,62.56999969482422,53.20000076293945,60.19192123413086,26.00554847717285
2024-09-10,62.18000030517578,53.650001525878906,59.11565399169922,25.103822708129883
2024-09-11,62.61000061035156,53.5,59.43162155151367,25.068950653076172
2024-09-12,63.470001220703125,53.5,60.14255142211914,25.168588638305664
2024-09-13,63.369998931884766,54.20000076293945,60.300537109375,25.66179656982422
2024-09-16,63.290000915527344,54.04999923706055,60.448646545410156,24.7999267578125
2024-09-17,64.44999694824219,54.150001525878906,60.626380920410156,25.477466583251953
2024-09-18,64.1500015258789,54.349998474121094,60.458518981933594,25.15862464904785
2024-09-19,65.16999816894531,55.650001525878906,61.86063003540039,26.050386428833008
2024-09-20,64.77999877929688,55.5,61.208946228027344,24.780000686645508
2024-09-23,62.40999984741211,55.75,61.33730697631836,24.834999084472656
2024-09-24,62.81999969482422,56.0,61.90999984741211,25.295000076293945
2024-09-25,62.310001373291016,56.04999923706055,60.709999084472656,25.184999465942383
2024-09-26,63.2400016784668,57.400001525878906,59.29999923706055,25.90999984741211
2024-09-27,63.29999923706055,57.400001525878906,59.150001525878906,27.475000381469727
2024-09-30,61.54999923706055,56.45000076293945,58.5,26.649999618530273
2024-10-01,61.13999938964844,55.70000076293945,59.310001373291016,26.010000228881836
2024-10-02,60.959999084472656,55.79999923706055,60.63999938964844,26.28499984741211
2024-10-03,60.09000015258789,55.70000076293945,61.52000045776367,25.709999084472656
2024-10-04,60.86000061035156,56.5,62.650001525878906,25.75
2024-10-07,61.810001373291016,55.79999923706055,63.279998779296875,25.780000686645508
2024-10-08,61.900001525878906,55.29999923706055,62.08000183105469,25.30500030517578
2024-10-09,62.099998474121094,55.5,61.97999954223633,25.7450008392334
2024-10-10,61.91999816894531,55.349998474121094,62.40999984741211,25.610000610351562
2024-10-11,62.15999984741211,55.25,62.369998931884766,25.55500030517578
2024-10-14,62.91999816894531,53.70000076293945,62.4900016784668,25.81999969482422
2024-10-15,63.709999084472656,53.650001525878906,59.4900016784668,25.014999389648438
2024-10-16,64.4800033569336,46.599998474121094,59.40999984741211,25.094999313354492
2024-10-17,65.61000061035156,46.939998626708984,59.779998779296875,25.415000915527344
2024-10-18,66.2699966430664,47.79999923706055,59.65999984741211,25.635000228881836
2024-10-21,65.80000305175781,46.91999816894531,59.939998626708984,25.125
2024-10-22,65.69999694824219,46.900001525878906,60.25,25.55500030517578
2024-10-23,65.2300033569336,46.380001068115234,60.0099983215332,26.024999618530273
2024-10-24,65.33000183105469,46.2400016784668,60.08000183105469,26.040000915527344
2024-10-25,65.33000183105469,45.58000183105469,60.27000045776367,26.170000076293945
2024-10-28,66.0199966430664,46.119998931884766,59.72999954223633,26.309999465942383
2024-10-29,65.94000244140625,46.36000061035156,59.400001525878906,26.719999313354492
2024-10-30,65.5,45.79999923706055,59.13999938964844,25.764999389648438
2024-10-31,62.75,45.08000183105469,57.400001525878906,25.024999618530273
2024-11-01,63.040000915527344,45.18000030517578,57.900001525878906,24.844999313354492
2024-11-04,62.869998931884766,45.060001373291016,58.08000183105469,24.104999542236328
2024-11-05,62.7400016784668,45.380001068115234,58.290000915527344,24.489999771118164
2024-11-06,61.06999969482422,45.939998626708984,57.56999969482422,24.704999923706055
2024-11-07,59.04999923706055,46.439998626708984,57.7400016784668,25.014999389648438
2024-11-08,59.7599983215332,45.70000076293945,56.84000015258789,24.65999984741211
2024-11-11,60.939998626708984,45.720001220703125,57.15999984741211,25.270000457763672
2024-11-12,59.380001068115234,44.939998626708984,55.720001220703125,25.530000686645508
2024-11-13,59.119998931884766,45.060001373291016,55.84000015258789,24.450000762939453
2024-11-14,59.470001220703125,45.619998931884766,57.150001525878906,25.139999389648438
2024-11-15,60.11000061035156,44.97999954223633,57.5099983215332,24.155000686645508
2024-11-18,60.41999816894531,44.65999984741211,58.099998474121094,23.670000076293945
2024-11-19,59.310001373291016,44.119998931884766,57.470001220703125,23.235000610351562
2024-11-20,58.4900016784668,44.380001068115234,57.369998931884766,22.950000762939453
2024-11-21,58.220001220703125,44.20000076293945,57.18000030517578,23.075000762939453
2024-11-22,56.91999816894531,44.459999084472656,57.09000015258789,23.399999618530273
2024-11-25,56.97999954223633,44.97999954223633,55.880001068115234,24.440000534057617
2024-11-26,56.29999923706055,44.34000015258789,54.93000030517578,24.44499969482422
2024-11-27,55.630001068115234,44.02000045776367,54.099998474121094,23.864999771118164
2024-11-28,56.13999938964844,44.060001373291016,54.220001220703125,23.7549991607666
2024-11-29,56.63999938964844,44.20000076293945,54.970001220703125,24.270000457763672
2024-12-02,55.939998626708984,42.2400016784668,53.79999923706055,24.625
2024-12-03,55.779998779296875,42.2599983215332,54.13999938964844,24.420000076293945
2024-12-04,56.5,42.36000061035156,53.939998626708984,24.719999313354492
2024-12-05,57.970001220703125,43.060001373291016,54.060001373291016,24.875
2024-12-06,58.56999969482422,44.29999923706055,54.22999954223633,25.075000762939453
